5.459220000000000e+5
4.420020000000000e+5
3.708950000000000e+5
3.144300000000000e+5
2.692050000000000e+5
2.320920000000000e+5
2.033910000000000e+5
1.798770000000000e+5
1.598650000000000e+5
1.430370000000000e+5
1.289790000000000e+5
1.179160000000000e+5
1.071810000000000e+5
9.908700000000000e+4
9.185800000000000e+4
8.454400000000000e+4
7.934200000000000e+4
7.354500000000000e+4
6.963600000000000e+4
6.555600000000000e+4
6.139200000000000e+4
5.834500000000000e+4
5.522100000000000e+4
5.293700000000000e+4
5.016100000000000e+4
4.808100000000000e+4
4.578500000000000e+4
4.397900000000000e+4
4.207900000000000e+4
4.046100000000000e+4
3.893300000000000e+4
3.759900000000000e+4
3.617000000000000e+4
3.479100000000000e+4
3.334500000000000e+4
3.205400000000000e+4
3.153300000000000e+4
3.020100000000000e+4
2.934300000000000e+4
2.825700000000000e+4
2.740900000000000e+4
2.697600000000000e+4
2.597600000000000e+4
2.527000000000000e+4
2.468800000000000e+4
2.386900000000000e+4
2.304900000000000e+4
2.296300000000000e+4
2.214600000000000e+4
2.150700000000000e+4
2.122000000000000e+4
2.051700000000000e+4
2.021400000000000e+4
1.948900000000000e+4
1.924300000000000e+4
1.873600000000000e+4
1.823300000000000e+4
1.791800000000000e+4
1.764400000000000e+4
1.745100000000000e+4
1.686200000000000e+4
1.653600000000000e+4
1.606600000000000e+4
1.602400000000000e+4
1.552500000000000e+4
1.556300000000000e+4
1.486300000000000e+4
1.489100000000000e+4
1.462400000000000e+4
1.405600000000000e+4
1.403900000000000e+4
1.363700000000000e+4
1.366700000000000e+4
1.323600000000000e+4
1.303900000000000e+4
1.277200000000000e+4
1.272000000000000e+4
1.251000000000000e+4
1.227200000000000e+4
1.224900000000000e+4
1.181600000000000e+4
1.189200000000000e+4
1.144400000000000e+4
1.138700000000000e+4
1.135900000000000e+4
1.100900000000000e+4
1.070400000000000e+4
1.067700000000000e+4
1.060800000000000e+4
1.035400000000000e+4
9.882000000000000e+3
1.005200000000000e+4
1.006300000000000e+4
9.579000000000000e+3
9.670000000000000e+3
9.534000000000000e+3
9.317000000000000e+3
9.444000000000000e+3
9.265000000000000e+3
9.010000000000000e+3
8.891000000000000e+3
8.955000000000000e+3
8.858000000000000e+3
8.566000000000000e+3
8.557000000000000e+3
8.358000000000000e+3
8.414000000000000e+3
8.122000000000000e+3
7.976000000000000e+3
8.007000000000000e+3
7.926000000000000e+3
7.912000000000000e+3
7.580000000000000e+3
7.686000000000000e+3
7.620000000000000e+3
7.385000000000000e+3
7.510000000000000e+3
7.436000000000000e+3
7.480000000000000e+3
7.167000000000000e+3
7.235000000000000e+3
7.072000000000000e+3
7.191000000000000e+3
6.864000000000000e+3
6.864000000000000e+3
6.877000000000000e+3
6.628000000000000e+3
6.550000000000000e+3
6.620000000000000e+3
6.506000000000000e+3
6.494000000000000e+3
6.437000000000000e+3
6.289000000000000e+3
6.344000000000000e+3
6.081000000000000e+3
6.112000000000000e+3
6.056000000000000e+3
6.100000000000000e+3
5.908000000000000e+3
5.953000000000000e+3
5.785000000000000e+3
5.855000000000000e+3
5.821000000000000e+3
5.625000000000000e+3
5.561000000000000e+3
5.589000000000000e+3
5.537000000000000e+3
5.442000000000000e+3
5.416000000000000e+3
5.433000000000000e+3
5.320000000000000e+3
5.280000000000000e+3
5.290000000000000e+3
5.091000000000000e+3
5.199000000000000e+3
4.999000000000000e+3
5.103000000000000e+3
4.960000000000000e+3
4.956000000000000e+3
4.892000000000000e+3
5.017000000000000e+3
4.759000000000000e+3
4.825000000000000e+3
4.729000000000000e+3
4.804000000000000e+3
4.742000000000000e+3
4.810000000000000e+3
4.576000000000000e+3
4.587000000000000e+3
4.634000000000000e+3
4.596000000000000e+3
4.473000000000000e+3
4.525000000000000e+3
4.431000000000000e+3
4.357000000000000e+3
4.396000000000000e+3
4.425000000000000e+3
4.216000000000000e+3
4.333000000000000e+3
4.260000000000000e+3
4.248000000000000e+3
4.209000000000000e+3
4.149000000000000e+3
4.104000000000000e+3
4.109000000000000e+3
4.076000000000000e+3
4.121000000000000e+3
4.011000000000000e+3
4.043000000000000e+3
3.944000000000000e+3
3.850000000000000e+3
3.868000000000000e+3
3.932000000000000e+3
3.807000000000000e+3
3.712000000000000e+3
3.802000000000000e+3
3.727000000000000e+3
3.752000000000000e+3
3.742000000000000e+3
3.719000000000000e+3
