3.273440000000000e+5
2.622930000000000e+5
2.199720000000000e+5
1.887330000000000e+5
1.635930000000000e+5
1.432070000000000e+5
1.263580000000000e+5
1.125050000000000e+5
1.008120000000000e+5
9.079500000000000e+4
8.173600000000000e+4
7.460200000000000e+4
6.919700000000000e+4
6.312900000000000e+4
5.881800000000000e+4
5.457300000000000e+4
5.119800000000000e+4
4.785900000000000e+4
4.479000000000000e+4
4.263600000000000e+4
3.982900000000000e+4
3.798500000000000e+4
3.604700000000000e+4
3.442000000000000e+4
3.299900000000000e+4
3.126700000000000e+4
2.995400000000000e+4
2.891800000000000e+4
2.754100000000000e+4
2.625200000000000e+4
2.538200000000000e+4
2.448500000000000e+4
2.356700000000000e+4
2.305900000000000e+4
2.230300000000000e+4
2.144400000000000e+4
2.086700000000000e+4
2.011400000000000e+4
1.951200000000000e+4
1.908300000000000e+4
1.863900000000000e+4
1.808300000000000e+4
1.755400000000000e+4
1.691300000000000e+4
1.664100000000000e+4
1.602000000000000e+4
1.581600000000000e+4
1.558900000000000e+4
1.491400000000000e+4
1.458300000000000e+4
1.454000000000000e+4
1.428000000000000e+4
1.385200000000000e+4
1.334700000000000e+4
1.318300000000000e+4
1.287400000000000e+4
1.261100000000000e+4
1.229700000000000e+4
1.211000000000000e+4
1.199500000000000e+4
1.177200000000000e+4
1.135400000000000e+4
1.128100000000000e+4
1.099700000000000e+4
1.090000000000000e+4
1.074400000000000e+4
1.042400000000000e+4
1.035400000000000e+4
1.016600000000000e+4
9.808000000000000e+3
9.652000000000000e+3
9.484000000000000e+3
9.710000000000000e+3
9.522000000000000e+3
9.098000000000000e+3
9.029000000000000e+3
9.087000000000000e+3
8.710000000000000e+3
8.842000000000000e+3
8.563000000000000e+3
8.350000000000000e+3
8.328000000000000e+3
8.205000000000000e+3
8.131000000000000e+3
8.099000000000000e+3
7.854000000000000e+3
7.867000000000000e+3
7.578000000000000e+3
7.570000000000000e+3
7.352000000000000e+3
7.443000000000000e+3
7.390000000000000e+3
7.107000000000000e+3
7.162000000000000e+3
7.273000000000000e+3
6.941000000000000e+3
6.868000000000000e+3
6.847000000000000e+3
6.673000000000000e+3
6.591000000000000e+3
6.558000000000000e+3
6.608000000000000e+3
6.521000000000000e+3
6.315000000000000e+3
6.291000000000000e+3
6.259000000000000e+3
6.225000000000000e+3
6.146000000000000e+3
6.125000000000000e+3
5.825000000000000e+3
6.015000000000000e+3
5.914000000000000e+3
5.776000000000000e+3
5.715000000000000e+3
5.817000000000000e+3
5.688000000000000e+3
5.456000000000000e+3
5.610000000000000e+3
5.396000000000000e+3
5.366000000000000e+3
5.371000000000000e+3
5.381000000000000e+3
5.453000000000000e+3
5.252000000000000e+3
5.302000000000000e+3
5.086000000000000e+3
5.111000000000000e+3
5.153000000000000e+3
5.150000000000000e+3
4.962000000000000e+3
4.972000000000000e+3
4.786000000000000e+3
4.879000000000000e+3
4.702000000000000e+3
4.732000000000000e+3
4.755000000000000e+3
4.712000000000000e+3
4.706000000000000e+3
4.678000000000000e+3
4.608000000000000e+3
4.615000000000000e+3
4.695000000000000e+3
4.428000000000000e+3
4.438000000000000e+3
4.423000000000000e+3
4.297000000000000e+3
4.326000000000000e+3
4.300000000000000e+3
4.300000000000000e+3
4.281000000000000e+3
4.119000000000000e+3
4.257000000000000e+3
4.165000000000000e+3
4.107000000000000e+3
4.157000000000000e+3
4.121000000000000e+3
3.996000000000000e+3
3.844000000000000e+3
4.006000000000000e+3
4.063000000000000e+3
3.972000000000000e+3
3.884000000000000e+3
3.864000000000000e+3
3.896000000000000e+3
3.841000000000000e+3
3.711000000000000e+3
3.948000000000000e+3
3.711000000000000e+3
3.717000000000000e+3
3.679000000000000e+3
3.606000000000000e+3
3.645000000000000e+3
3.667000000000000e+3
3.629000000000000e+3
3.658000000000000e+3
3.568000000000000e+3
3.603000000000000e+3
3.458000000000000e+3
3.670000000000000e+3
3.527000000000000e+3
3.490000000000000e+3
3.511000000000000e+3
3.363000000000000e+3
3.377000000000000e+3
3.428000000000000e+3
3.266000000000000e+3
3.244000000000000e+3
3.317000000000000e+3
3.279000000000000e+3
3.253000000000000e+3
3.241000000000000e+3
3.153000000000000e+3
3.205000000000000e+3
3.186000000000000e+3
3.236000000000000e+3
3.186000000000000e+3
3.163000000000000e+3
3.075000000000000e+3
3.122000000000000e+3
3.084000000000000e+3
