5.672540000000000e+5
4.664290000000000e+5
3.935460000000000e+5
3.362060000000000e+5
2.894950000000000e+5
2.514470000000000e+5
2.204320000000000e+5
1.953690000000000e+5
1.742060000000000e+5
1.567500000000000e+5
1.421210000000000e+5
1.296510000000000e+5
1.189070000000000e+5
1.091870000000000e+5
1.010840000000000e+5
9.435500000000000e+4
8.830400000000000e+4
8.250700000000000e+4
7.806400000000000e+4
7.373900000000000e+4
6.903500000000000e+4
6.553900000000000e+4
6.258900000000000e+4
5.963700000000000e+4
5.636300000000000e+4
5.440300000000000e+4
5.181100000000000e+4
4.944200000000000e+4
4.761400000000000e+4
4.595300000000000e+4
4.437900000000000e+4
4.224500000000000e+4
4.089600000000000e+4
3.992100000000000e+4
3.832400000000000e+4
3.702000000000000e+4
3.576000000000000e+4
3.482200000000000e+4
3.353200000000000e+4
3.268500000000000e+4
3.177100000000000e+4
3.069900000000000e+4
3.031500000000000e+4
2.917000000000000e+4
2.877900000000000e+4
2.799800000000000e+4
2.737700000000000e+4
2.642300000000000e+4
2.588300000000000e+4
2.534100000000000e+4
2.480400000000000e+4
2.413500000000000e+4
2.374400000000000e+4
2.274400000000000e+4
2.252800000000000e+4
2.218500000000000e+4
2.189400000000000e+4
2.143100000000000e+4
2.095200000000000e+4
2.048300000000000e+4
1.998200000000000e+4
1.983000000000000e+4
1.929300000000000e+4
1.911400000000000e+4
1.842100000000000e+4
1.836100000000000e+4
1.807300000000000e+4
1.766800000000000e+4
1.725000000000000e+4
1.679400000000000e+4
1.669400000000000e+4
1.638000000000000e+4
1.609400000000000e+4
1.596900000000000e+4
1.591800000000000e+4
1.536400000000000e+4
1.552600000000000e+4
1.495300000000000e+4
1.452700000000000e+4
1.459900000000000e+4
1.435700000000000e+4
1.421200000000000e+4
1.392300000000000e+4
1.404900000000000e+4
1.360200000000000e+4
1.321000000000000e+4
1.316600000000000e+4
1.288000000000000e+4
1.287000000000000e+4
1.267900000000000e+4
1.232800000000000e+4
1.209400000000000e+4
1.233000000000000e+4
1.218600000000000e+4
1.179600000000000e+4
1.180000000000000e+4
1.154800000000000e+4
1.134400000000000e+4
1.136400000000000e+4
1.105500000000000e+4
1.116600000000000e+4
1.100800000000000e+4
1.077700000000000e+4
1.062200000000000e+4
1.056300000000000e+4
1.035700000000000e+4
1.018100000000000e+4
1.025300000000000e+4
1.003100000000000e+4
1.001700000000000e+4
9.780000000000000e+3
9.788000000000000e+3
9.582000000000000e+3
9.501000000000000e+3
9.406000000000000e+3
9.305000000000000e+3
9.120000000000000e+3
9.190000000000000e+3
9.103000000000000e+3
9.088000000000000e+3
8.824000000000000e+3
8.959000000000000e+3
8.912000000000000e+3
8.653000000000000e+3
8.698000000000000e+3
8.329000000000000e+3
8.581000000000000e+3
8.296000000000000e+3
8.338000000000000e+3
8.301000000000000e+3
7.888000000000000e+3
8.137000000000000e+3
7.905000000000000e+3
7.880000000000000e+3
7.787000000000000e+3
7.659000000000000e+3
7.333000000000000e+3
7.770000000000000e+3
7.588000000000000e+3
7.463000000000000e+3
7.302000000000000e+3
7.370000000000000e+3
7.323000000000000e+3
7.178000000000000e+3
7.262000000000000e+3
7.016000000000000e+3
7.040000000000000e+3
7.041000000000000e+3
6.832000000000000e+3
6.866000000000000e+3
6.770000000000000e+3
6.848000000000000e+3
6.715000000000000e+3
6.609000000000000e+3
6.550000000000000e+3
6.620000000000000e+3
6.561000000000000e+3
6.391000000000000e+3
6.377000000000000e+3
6.434000000000000e+3
6.269000000000000e+3
6.382000000000000e+3
6.059000000000000e+3
6.182000000000000e+3
6.100000000000000e+3
5.997000000000000e+3
6.013000000000000e+3
5.989000000000000e+3
5.961000000000000e+3
5.902000000000000e+3
5.768000000000000e+3
5.894000000000000e+3
5.708000000000000e+3
5.607000000000000e+3
5.576000000000000e+3
5.661000000000000e+3
5.687000000000000e+3
5.476000000000000e+3
5.592000000000000e+3
5.443000000000000e+3
5.423000000000000e+3
5.198000000000000e+3
5.404000000000000e+3
5.361000000000000e+3
5.351000000000000e+3
5.326000000000000e+3
5.244000000000000e+3
5.260000000000000e+3
5.136000000000000e+3
5.155000000000000e+3
5.205000000000000e+3
5.196000000000000e+3
5.124000000000000e+3
5.048000000000000e+3
4.988000000000000e+3
4.963000000000000e+3
4.903000000000000e+3
4.846000000000000e+3
4.842000000000000e+3
4.750000000000000e+3
