4.851170000000000e+5
3.934070000000000e+5
3.307210000000000e+5
2.826740000000000e+5
2.442850000000000e+5
2.138480000000000e+5
1.877780000000000e+5
1.672270000000000e+5
1.501890000000000e+5
1.346700000000000e+5
1.224630000000000e+5
1.115420000000000e+5
1.023390000000000e+5
9.452000000000000e+4
8.740300000000000e+4
8.157600000000000e+4
7.625900000000000e+4
7.141200000000000e+4
6.746500000000000e+4
6.368300000000000e+4
6.038800000000000e+4
5.716900000000000e+4
5.421700000000000e+4
5.171500000000000e+4
4.946100000000000e+4
4.737000000000000e+4
4.531500000000000e+4
4.299300000000000e+4
4.186200000000000e+4
4.006600000000000e+4
3.868300000000000e+4
3.732200000000000e+4
3.616600000000000e+4
3.477500000000000e+4
3.369600000000000e+4
3.291300000000000e+4
3.189500000000000e+4
3.028500000000000e+4
2.969600000000000e+4
2.894000000000000e+4
2.835200000000000e+4
2.733500000000000e+4
2.705700000000000e+4
2.617500000000000e+4
2.523000000000000e+4
2.491200000000000e+4
2.419200000000000e+4
2.346400000000000e+4
2.309500000000000e+4
2.277600000000000e+4
2.206700000000000e+4
2.179600000000000e+4
2.141900000000000e+4
2.077400000000000e+4
2.023700000000000e+4
1.997300000000000e+4
1.951200000000000e+4
1.914100000000000e+4
1.874200000000000e+4
1.836800000000000e+4
1.841300000000000e+4
1.793200000000000e+4
1.754300000000000e+4
1.686000000000000e+4
1.675800000000000e+4
1.650000000000000e+4
1.622300000000000e+4
1.622400000000000e+4
1.587000000000000e+4
1.557000000000000e+4
1.543300000000000e+4
1.480900000000000e+4
1.511100000000000e+4
1.453600000000000e+4
1.421000000000000e+4
1.434100000000000e+4
1.389200000000000e+4
1.388000000000000e+4
1.376400000000000e+4
1.336500000000000e+4
1.323300000000000e+4
1.322000000000000e+4
1.293000000000000e+4
1.275800000000000e+4
1.246000000000000e+4
1.235500000000000e+4
1.234200000000000e+4
1.181200000000000e+4
1.208000000000000e+4
1.178400000000000e+4
1.168700000000000e+4
1.164700000000000e+4
1.144900000000000e+4
1.124000000000000e+4
1.105000000000000e+4
1.087700000000000e+4
1.076900000000000e+4
1.059100000000000e+4
1.058000000000000e+4
1.049300000000000e+4
1.037800000000000e+4
1.028900000000000e+4
1.030500000000000e+4
9.858000000000000e+3
9.996000000000000e+3
9.866000000000000e+3
9.774000000000000e+3
9.831000000000000e+3
9.533000000000000e+3
9.507000000000000e+3
9.221000000000000e+3
9.286000000000000e+3
9.003000000000000e+3
8.955000000000000e+3
9.112000000000000e+3
8.917000000000000e+3
8.790000000000000e+3
8.819000000000000e+3
8.580000000000000e+3
8.644000000000000e+3
8.501000000000000e+3
8.374000000000000e+3
8.283000000000000e+3
8.298000000000000e+3
8.281000000000000e+3
8.099000000000000e+3
7.970000000000000e+3
7.994000000000000e+3
7.893000000000000e+3
7.962000000000000e+3
7.859000000000000e+3
7.715000000000000e+3
7.675000000000000e+3
7.595000000000000e+3
7.528000000000000e+3
7.451000000000000e+3
7.232000000000000e+3
7.248000000000000e+3
7.264000000000000e+3
7.133000000000000e+3
7.387000000000000e+3
7.151000000000000e+3
7.050000000000000e+3
7.084000000000000e+3
6.979000000000000e+3
6.875000000000000e+3
6.913000000000000e+3
6.937000000000000e+3
6.737000000000000e+3
6.572000000000000e+3
6.591000000000000e+3
6.686000000000000e+3
6.464000000000000e+3
6.421000000000000e+3
6.507000000000000e+3
6.402000000000000e+3
6.484000000000000e+3
6.361000000000000e+3
6.236000000000000e+3
6.208000000000000e+3
6.131000000000000e+3
6.260000000000000e+3
6.160000000000000e+3
5.780000000000000e+3
6.107000000000000e+3
5.994000000000000e+3
6.109000000000000e+3
5.894000000000000e+3
5.803000000000000e+3
5.745000000000000e+3
5.674000000000000e+3
5.889000000000000e+3
5.675000000000000e+3
5.596000000000000e+3
5.699000000000000e+3
5.651000000000000e+3
5.593000000000000e+3
5.434000000000000e+3
5.408000000000000e+3
5.488000000000000e+3
5.526000000000000e+3
5.309000000000000e+3
5.412000000000000e+3
5.341000000000000e+3
5.331000000000000e+3
5.356000000000000e+3
5.144000000000000e+3
5.325000000000000e+3
5.195000000000000e+3
5.106000000000000e+3
5.020000000000000e+3
5.119000000000000e+3
5.022000000000000e+3
4.961000000000000e+3
4.914000000000000e+3
5.041000000000000e+3
5.067000000000000e+3
4.896000000000000e+3
4.798000000000000e+3
4.874000000000000e+3
