2.381020000000000e+5
1.922770000000000e+5
1.631560000000000e+5
1.407020000000000e+5
1.234130000000000e+5
1.098740000000000e+5
9.716100000000000e+4
8.747200000000000e+4
7.845100000000000e+4
7.158500000000000e+4
6.460300000000000e+4
5.945400000000000e+4
5.469200000000000e+4
5.018700000000000e+4
4.713300000000000e+4
4.406200000000000e+4
4.089400000000000e+4
3.811000000000000e+4
3.591600000000000e+4
3.372100000000000e+4
3.221200000000000e+4
3.023700000000000e+4
2.901000000000000e+4
2.754800000000000e+4
2.649100000000000e+4
2.509600000000000e+4
2.414600000000000e+4
2.306900000000000e+4
2.239400000000000e+4
2.137400000000000e+4
2.058100000000000e+4
1.958100000000000e+4
1.890700000000000e+4
1.864100000000000e+4
1.764100000000000e+4
1.715100000000000e+4
1.652000000000000e+4
1.618500000000000e+4
1.581400000000000e+4
1.502900000000000e+4
1.470600000000000e+4
1.439400000000000e+4
1.385600000000000e+4
1.349800000000000e+4
1.316600000000000e+4
1.260400000000000e+4
1.251500000000000e+4
1.226000000000000e+4
1.196900000000000e+4
1.163900000000000e+4
1.147000000000000e+4
1.134500000000000e+4
1.087800000000000e+4
1.066300000000000e+4
1.046000000000000e+4
1.032800000000000e+4
1.010500000000000e+4
9.738000000000000e+3
9.749000000000000e+3
9.661000000000000e+3
9.180000000000000e+3
9.072000000000000e+3
8.779000000000000e+3
8.904000000000000e+3
8.488000000000000e+3
8.488000000000000e+3
8.166000000000000e+3
8.092000000000000e+3
8.183000000000000e+3
8.067000000000000e+3
7.586000000000000e+3
7.682000000000000e+3
7.594000000000000e+3
7.281000000000000e+3
7.246000000000000e+3
7.213000000000000e+3
7.105000000000000e+3
6.981000000000000e+3
6.910000000000000e+3
6.757000000000000e+3
6.706000000000000e+3
6.658000000000000e+3
6.498000000000000e+3
6.378000000000000e+3
6.183000000000000e+3
6.167000000000000e+3
6.084000000000000e+3
6.009000000000000e+3
6.004000000000000e+3
6.005000000000000e+3
5.885000000000000e+3
5.793000000000000e+3
5.581000000000000e+3
5.622000000000000e+3
5.395000000000000e+3
5.431000000000000e+3
5.376000000000000e+3
5.444000000000000e+3
5.361000000000000e+3
5.234000000000000e+3
5.315000000000000e+3
5.218000000000000e+3
4.956000000000000e+3
5.087000000000000e+3
4.891000000000000e+3
4.778000000000000e+3
4.886000000000000e+3
4.847000000000000e+3
4.738000000000000e+3
4.668000000000000e+3
4.716000000000000e+3
4.689000000000000e+3
4.484000000000000e+3
4.512000000000000e+3
4.519000000000000e+3
4.462000000000000e+3
4.390000000000000e+3
4.343000000000000e+3
4.260000000000000e+3
4.153000000000000e+3
4.258000000000000e+3
4.183000000000000e+3
4.029000000000000e+3
4.074000000000000e+3
4.169000000000000e+3
4.035000000000000e+3
4.060000000000000e+3
3.935000000000000e+3
3.860000000000000e+3
3.704000000000000e+3
3.838000000000000e+3
3.873000000000000e+3
3.783000000000000e+3
3.786000000000000e+3
3.908000000000000e+3
3.663000000000000e+3
3.612000000000000e+3
3.615000000000000e+3
3.529000000000000e+3
3.550000000000000e+3
3.669000000000000e+3
3.479000000000000e+3
3.578000000000000e+3
3.439000000000000e+3
3.435000000000000e+3
3.425000000000000e+3
3.357000000000000e+3
3.368000000000000e+3
3.320000000000000e+3
3.454000000000000e+3
3.226000000000000e+3
3.193000000000000e+3
3.331000000000000e+3
3.274000000000000e+3
3.026000000000000e+3
3.160000000000000e+3
3.144000000000000e+3
3.140000000000000e+3
3.119000000000000e+3
3.037000000000000e+3
3.052000000000000e+3
3.047000000000000e+3
3.040000000000000e+3
3.028000000000000e+3
2.965000000000000e+3
2.946000000000000e+3
2.923000000000000e+3
2.949000000000000e+3
2.894000000000000e+3
2.862000000000000e+3
2.734000000000000e+3
2.815000000000000e+3
2.919000000000000e+3
2.890000000000000e+3
2.789000000000000e+3
2.808000000000000e+3
2.838000000000000e+3
2.805000000000000e+3
2.685000000000000e+3
2.632000000000000e+3
2.648000000000000e+3
2.689000000000000e+3
2.730000000000000e+3
2.620000000000000e+3
2.588000000000000e+3
2.742000000000000e+3
2.600000000000000e+3
2.619000000000000e+3
2.566000000000000e+3
2.602000000000000e+3
2.569000000000000e+3
2.472000000000000e+3
2.473000000000000e+3
2.634000000000000e+3
2.408000000000000e+3
2.471000000000000e+3
2.417000000000000e+3
2.442000000000000e+3
2.452000000000000e+3
2.426000000000000e+3
