1.564520000000000e+5
1.234090000000000e+5
1.022620000000000e+5
8.774600000000000e+4
7.665000000000000e+4
6.730300000000000e+4
6.036000000000000e+4
5.404400000000000e+4
4.884900000000000e+4
4.478500000000000e+4
4.115800000000000e+4
3.785100000000000e+4
3.491600000000000e+4
3.266500000000000e+4
3.027500000000000e+4
2.864700000000000e+4
2.698800000000000e+4
2.497100000000000e+4
2.394400000000000e+4
2.261700000000000e+4
2.160200000000000e+4
2.060800000000000e+4
1.944400000000000e+4
1.866600000000000e+4
1.784900000000000e+4
1.700900000000000e+4
1.666100000000000e+4
1.574100000000000e+4
1.534800000000000e+4
1.510400000000000e+4
1.420000000000000e+4
1.387900000000000e+4
1.339900000000000e+4
1.268700000000000e+4
1.276700000000000e+4
1.215200000000000e+4
1.180800000000000e+4
1.152400000000000e+4
1.116600000000000e+4
1.095700000000000e+4
1.070500000000000e+4
1.056400000000000e+4
1.034700000000000e+4
9.768000000000000e+3
9.649000000000000e+3
9.437000000000000e+3
9.401000000000000e+3
9.056000000000000e+3
8.945000000000000e+3
8.744000000000000e+3
8.470000000000000e+3
8.416000000000000e+3
8.048000000000000e+3
7.928000000000000e+3
7.711000000000000e+3
7.723000000000000e+3
7.663000000000000e+3
7.440000000000000e+3
7.249000000000000e+3
7.071000000000000e+3
6.994000000000000e+3
6.799000000000000e+3
6.843000000000000e+3
6.504000000000000e+3
6.524000000000000e+3
6.515000000000000e+3
6.358000000000000e+3
6.283000000000000e+3
6.388000000000000e+3
6.085000000000000e+3
5.878000000000000e+3
5.939000000000000e+3
5.693000000000000e+3
5.605000000000000e+3
5.628000000000000e+3
5.520000000000000e+3
5.344000000000000e+3
5.417000000000000e+3
5.371000000000000e+3
5.165000000000000e+3
5.307000000000000e+3
5.003000000000000e+3
4.944000000000000e+3
4.966000000000000e+3
4.901000000000000e+3
4.915000000000000e+3
4.894000000000000e+3
4.686000000000000e+3
4.707000000000000e+3
4.603000000000000e+3
4.531000000000000e+3
4.551000000000000e+3
4.524000000000000e+3
4.447000000000000e+3
4.356000000000000e+3
4.239000000000000e+3
4.196000000000000e+3
4.313000000000000e+3
4.163000000000000e+3
4.075000000000000e+3
4.007000000000000e+3
4.080000000000000e+3
4.089000000000000e+3
3.887000000000000e+3
3.889000000000000e+3
3.861000000000000e+3
3.781000000000000e+3
3.792000000000000e+3
3.824000000000000e+3
3.746000000000000e+3
3.558000000000000e+3
3.672000000000000e+3
3.513000000000000e+3
3.656000000000000e+3
3.596000000000000e+3
3.476000000000000e+3
3.420000000000000e+3
3.448000000000000e+3
3.403000000000000e+3
3.230000000000000e+3
3.290000000000000e+3
3.276000000000000e+3
3.289000000000000e+3
3.224000000000000e+3
3.333000000000000e+3
3.226000000000000e+3
3.055000000000000e+3
3.082000000000000e+3
3.119000000000000e+3
3.115000000000000e+3
3.059000000000000e+3
2.987000000000000e+3
3.037000000000000e+3
2.893000000000000e+3
3.041000000000000e+3
2.961000000000000e+3
2.806000000000000e+3
2.825000000000000e+3
2.839000000000000e+3
2.792000000000000e+3
2.764000000000000e+3
2.814000000000000e+3
2.745000000000000e+3
2.736000000000000e+3
2.702000000000000e+3
2.684000000000000e+3
2.766000000000000e+3
2.671000000000000e+3
2.721000000000000e+3
2.684000000000000e+3
2.610000000000000e+3
2.614000000000000e+3
2.515000000000000e+3
2.662000000000000e+3
2.560000000000000e+3
2.557000000000000e+3
2.453000000000000e+3
2.486000000000000e+3
2.455000000000000e+3
2.426000000000000e+3
2.383000000000000e+3
2.370000000000000e+3
2.342000000000000e+3
2.402000000000000e+3
2.241000000000000e+3
2.362000000000000e+3
2.348000000000000e+3
2.312000000000000e+3
2.290000000000000e+3
2.288000000000000e+3
2.264000000000000e+3
2.266000000000000e+3
2.246000000000000e+3
2.230000000000000e+3
2.259000000000000e+3
2.152000000000000e+3
2.206000000000000e+3
2.138000000000000e+3
2.215000000000000e+3
2.064000000000000e+3
2.156000000000000e+3
2.150000000000000e+3
2.115000000000000e+3
2.112000000000000e+3
2.105000000000000e+3
1.975000000000000e+3
2.102000000000000e+3
2.162000000000000e+3
2.037000000000000e+3
1.967000000000000e+3
1.953000000000000e+3
2.019000000000000e+3
1.949000000000000e+3
1.941000000000000e+3
1.924000000000000e+3
2.014000000000000e+3
1.921000000000000e+3
1.934000000000000e+3
1.898000000000000e+3
1.899000000000000e+3
