5.647870000000000e+5
4.644990000000000e+5
3.921490000000000e+5
3.346270000000000e+5
2.885870000000000e+5
2.521910000000000e+5
2.220310000000000e+5
1.967500000000000e+5
1.753590000000000e+5
1.587970000000000e+5
1.442220000000000e+5
1.309110000000000e+5
1.199650000000000e+5
1.113580000000000e+5
1.030690000000000e+5
9.572100000000000e+4
8.941000000000000e+4
8.375600000000000e+4
7.883500000000000e+4
7.417000000000000e+4
7.066600000000000e+4
6.717800000000000e+4
6.381700000000000e+4
6.063600000000000e+4
5.836600000000000e+4
5.500300000000000e+4
5.303900000000000e+4
5.119400000000000e+4
4.946100000000000e+4
4.701100000000000e+4
4.535600000000000e+4
4.357500000000000e+4
4.223000000000000e+4
4.099600000000000e+4
3.971500000000000e+4
3.831600000000000e+4
3.736900000000000e+4
3.615000000000000e+4
3.496000000000000e+4
3.401800000000000e+4
3.306300000000000e+4
3.195800000000000e+4
3.143700000000000e+4
3.052200000000000e+4
2.955300000000000e+4
2.907600000000000e+4
2.821700000000000e+4
2.773800000000000e+4
2.714100000000000e+4
2.632300000000000e+4
2.575700000000000e+4
2.507800000000000e+4
2.465300000000000e+4
2.406100000000000e+4
2.399300000000000e+4
2.345500000000000e+4
2.283000000000000e+4
2.260800000000000e+4
2.161300000000000e+4
2.140500000000000e+4
2.102200000000000e+4
2.049400000000000e+4
2.029000000000000e+4
1.997500000000000e+4
1.980800000000000e+4
1.948900000000000e+4
1.879300000000000e+4
1.872900000000000e+4
1.825400000000000e+4
1.801800000000000e+4
1.794600000000000e+4
1.757400000000000e+4
1.722700000000000e+4
1.707100000000000e+4
1.679600000000000e+4
1.682600000000000e+4
1.621600000000000e+4
1.601200000000000e+4
1.598400000000000e+4
1.551200000000000e+4
1.535900000000000e+4
1.526400000000000e+4
1.482100000000000e+4
1.471800000000000e+4
1.444400000000000e+4
1.425200000000000e+4
1.420000000000000e+4
1.386300000000000e+4
1.372100000000000e+4
1.352200000000000e+4
1.355500000000000e+4
1.350200000000000e+4
1.310400000000000e+4
1.281400000000000e+4
1.291100000000000e+4
1.278100000000000e+4
1.243200000000000e+4
1.225400000000000e+4
1.215500000000000e+4
1.205400000000000e+4
1.174700000000000e+4
1.193200000000000e+4
1.169000000000000e+4
1.145700000000000e+4
1.147400000000000e+4
1.149500000000000e+4
1.104000000000000e+4
1.092200000000000e+4
1.082300000000000e+4
1.080300000000000e+4
1.063600000000000e+4
1.068400000000000e+4
1.043300000000000e+4
1.025000000000000e+4
1.044400000000000e+4
1.022800000000000e+4
1.007800000000000e+4
1.010000000000000e+4
9.882000000000000e+3
9.616000000000000e+3
9.777000000000000e+3
9.574000000000000e+3
9.582000000000000e+3
9.285000000000000e+3
9.430000000000000e+3
9.331000000000000e+3
9.201000000000000e+3
9.166000000000000e+3
8.942000000000000e+3
8.998000000000000e+3
8.772000000000000e+3
8.834000000000000e+3
8.649000000000000e+3
8.671000000000000e+3
8.450000000000000e+3
8.342000000000000e+3
8.448000000000000e+3
8.418000000000000e+3
8.246000000000000e+3
8.213000000000000e+3
8.180000000000000e+3
8.046000000000000e+3
8.113000000000000e+3
7.824000000000000e+3
7.829000000000000e+3
7.893000000000000e+3
7.672000000000000e+3
7.796000000000000e+3
7.606000000000000e+3
7.540000000000000e+3
7.466000000000000e+3
7.529000000000000e+3
7.288000000000000e+3
7.256000000000000e+3
7.256000000000000e+3
7.305000000000000e+3
7.048000000000000e+3
7.111000000000000e+3
7.098000000000000e+3
7.024000000000000e+3
6.911000000000000e+3
6.985000000000000e+3
6.928000000000000e+3
6.800000000000000e+3
6.767000000000000e+3
6.644000000000000e+3
6.790000000000000e+3
6.702000000000000e+3
6.567000000000000e+3
6.439000000000000e+3
6.588000000000000e+3
6.507000000000000e+3
6.482000000000000e+3
6.285000000000000e+3
6.469000000000000e+3
6.299000000000000e+3
6.184000000000000e+3
6.290000000000000e+3
6.143000000000000e+3
6.164000000000000e+3
6.258000000000000e+3
5.984000000000000e+3
6.108000000000000e+3
5.919000000000000e+3
5.967000000000000e+3
5.863000000000000e+3
5.990000000000000e+3
5.896000000000000e+3
5.826000000000000e+3
5.771000000000000e+3
5.824000000000000e+3
5.715000000000000e+3
5.689000000000000e+3
5.508000000000000e+3
5.702000000000000e+3
5.671000000000000e+3
5.362000000000000e+3
5.461000000000000e+3
5.516000000000000e+3
5.548000000000000e+3
