4.089570000000000e+5
3.268550000000000e+5
2.732990000000000e+5
2.343000000000000e+5
2.023950000000000e+5
1.769920000000000e+5
1.562120000000000e+5
1.385070000000000e+5
1.239820000000000e+5
1.109390000000000e+5
1.010560000000000e+5
9.206600000000000e+4
8.474300000000000e+4
7.818900000000000e+4
7.238900000000000e+4
6.691900000000000e+4
6.286800000000000e+4
5.887900000000000e+4
5.534200000000000e+4
5.231000000000000e+4
4.964200000000000e+4
4.660400000000000e+4
4.479600000000000e+4
4.291800000000000e+4
4.089900000000000e+4
3.932600000000000e+4
3.756800000000000e+4
3.580700000000000e+4
3.443300000000000e+4
3.306400000000000e+4
3.169500000000000e+4
3.048800000000000e+4
2.968300000000000e+4
2.842000000000000e+4
2.803700000000000e+4
2.666600000000000e+4
2.598700000000000e+4
2.524700000000000e+4
2.447000000000000e+4
2.372900000000000e+4
2.294200000000000e+4
2.264100000000000e+4
2.171000000000000e+4
2.125900000000000e+4
2.113600000000000e+4
2.021500000000000e+4
2.002700000000000e+4
1.934800000000000e+4
1.891800000000000e+4
1.852000000000000e+4
1.805200000000000e+4
1.749400000000000e+4
1.726600000000000e+4
1.697700000000000e+4
1.663400000000000e+4
1.614000000000000e+4
1.604100000000000e+4
1.580300000000000e+4
1.525100000000000e+4
1.505800000000000e+4
1.482600000000000e+4
1.439100000000000e+4
1.404500000000000e+4
1.427000000000000e+4
1.375700000000000e+4
1.361400000000000e+4
1.349000000000000e+4
1.313800000000000e+4
1.285300000000000e+4
1.249100000000000e+4
1.246400000000000e+4
1.224300000000000e+4
1.213100000000000e+4
1.167200000000000e+4
1.175700000000000e+4
1.148600000000000e+4
1.137900000000000e+4
1.126400000000000e+4
1.104500000000000e+4
1.100200000000000e+4
1.081700000000000e+4
1.075600000000000e+4
1.065800000000000e+4
1.040500000000000e+4
1.028100000000000e+4
1.001300000000000e+4
9.729000000000000e+3
9.879000000000000e+3
9.697000000000000e+3
9.622000000000000e+3
9.475000000000000e+3
9.375000000000000e+3
9.074000000000000e+3
9.101000000000000e+3
9.183000000000000e+3
8.975000000000000e+3
8.759000000000000e+3
8.743000000000000e+3
8.687000000000000e+3
8.485000000000000e+3
8.304000000000000e+3
8.335000000000000e+3
8.289000000000000e+3
8.293000000000000e+3
8.211000000000000e+3
8.183000000000000e+3
7.839000000000000e+3
7.818000000000000e+3
7.730000000000000e+3
7.828000000000000e+3
7.624000000000000e+3
7.544000000000000e+3
7.448000000000000e+3
7.395000000000000e+3
7.371000000000000e+3
7.170000000000000e+3
7.103000000000000e+3
7.069000000000000e+3
7.019000000000000e+3
7.035000000000000e+3
6.992000000000000e+3
6.928000000000000e+3
6.740000000000000e+3
6.532000000000000e+3
6.656000000000000e+3
6.801000000000000e+3
6.655000000000000e+3
6.436000000000000e+3
6.361000000000000e+3
6.406000000000000e+3
6.395000000000000e+3
6.368000000000000e+3
6.409000000000000e+3
6.169000000000000e+3
6.040000000000000e+3
6.101000000000000e+3
6.007000000000000e+3
5.873000000000000e+3
5.993000000000000e+3
5.813000000000000e+3
5.981000000000000e+3
5.807000000000000e+3
5.659000000000000e+3
5.761000000000000e+3
5.665000000000000e+3
5.638000000000000e+3
5.700000000000000e+3
5.674000000000000e+3
5.566000000000000e+3
5.367000000000000e+3
5.345000000000000e+3
5.533000000000000e+3
5.274000000000000e+3
5.356000000000000e+3
5.351000000000000e+3
5.235000000000000e+3
5.149000000000000e+3
5.336000000000000e+3
5.020000000000000e+3
5.147000000000000e+3
5.036000000000000e+3
4.997000000000000e+3
5.070000000000000e+3
5.050000000000000e+3
4.893000000000000e+3
4.975000000000000e+3
4.873000000000000e+3
4.876000000000000e+3
4.763000000000000e+3
4.697000000000000e+3
4.686000000000000e+3
4.735000000000000e+3
4.758000000000000e+3
4.644000000000000e+3
4.635000000000000e+3
4.564000000000000e+3
4.653000000000000e+3
4.555000000000000e+3
4.554000000000000e+3
4.404000000000000e+3
4.506000000000000e+3
4.398000000000000e+3
4.336000000000000e+3
4.443000000000000e+3
4.429000000000000e+3
4.349000000000000e+3
4.175000000000000e+3
4.404000000000000e+3
4.177000000000000e+3
4.125000000000000e+3
4.231000000000000e+3
4.258000000000000e+3
4.157000000000000e+3
4.158000000000000e+3
4.093000000000000e+3
4.007000000000000e+3
3.980000000000000e+3
4.098000000000000e+3
4.077000000000000e+3
3.956000000000000e+3
