0.6 7391
1 6333
1.4 5334
1.8 4670
2.2 4067
2.6 3616
3 3232
3.4 2933
3.8 2647
4.2 2428
4.6 2192
5 2023
5.4 1838
5.8 1780
6.2 1587
6.6 1513
7 1368
7.4 1340
7.8 1253
8.2 1207
8.6 1125
9 1095
9.4 1027
9.8 966
10.2 980
10.6 850
11 915
11.4 827
11.8 832
12.2 808
12.6 792
13 707
13.4 684
13.8 675
14.2 662
14.6 624
15 658
15.4 613
15.8 556
16.2 616
16.6 580
17 553
17.4 531
17.8 534
18.2 513
18.6 557
19 471
19.4 496
19.8 490
20.2 479
20.6 445
21 461
21.4 476
21.8 477
22.2 420
22.6 473
23 407
23.4 437
23.8 396
24.2 424
24.6 385
25 414
25.4 398
25.8 386
26.2 369
26.6 391
27 384
27.4 371
27.8 392
28.2 388
28.6 328
29 350
29.4 413
29.8 371
30.2 378
30.6 316
31 351
31.4 378
31.8 331
32.2 327
32.6 337
33 292
33.3999999999999 327
33.7999999999999 354
34.1999999999999 344
34.5999999999999 335
34.9999999999999 326
35.3999999999999 281
35.7999999999999 342
36.1999999999999 311
36.5999999999999 287
36.9999999999999 351
37.3999999999999 293
37.7999999999999 302
38.1999999999999 327
38.5999999999999 301
38.9999999999999 268
39.3999999999999 321
39.7999999999999 316
40.1999999999999 319
40.5999999999999 314
40.9999999999999 287
41.3999999999999 265
41.7999999999999 285
42.1999999999999 271
42.5999999999999 253
42.9999999999999 289
43.3999999999999 299
43.7999999999999 252
44.1999999999999 278
44.5999999999999 291
44.9999999999999 301
45.3999999999999 264
45.7999999999999 261
46.1999999999999 315
46.5999999999999 275
46.9999999999999 250
47.3999999999999 293
47.7999999999999 255
48.1999999999999 266
48.5999999999999 284
48.9999999999999 281
49.3999999999999 263
49.7999999999999 257
50.1999999999999 282
50.5999999999999 271
50.9999999999999 291
51.3999999999999 233
51.7999999999999 266
52.1999999999999 280
52.5999999999999 275
52.9999999999999 264
53.3999999999999 256
53.7999999999999 246
54.1999999999999 245
54.5999999999999 252
54.9999999999999 272
55.3999999999999 247
55.7999999999999 261
56.1999999999999 264
56.5999999999999 269
56.9999999999999 292
57.3999999999999 230
57.7999999999999 250
58.1999999999999 211
58.5999999999999 230
58.9999999999999 216
59.3999999999999 240
59.7999999999999 224
60.1999999999999 248
60.5999999999999 266
60.9999999999999 219
61.3999999999998 245
61.7999999999998 245
62.1999999999998 235
62.5999999999998 248
62.9999999999998 268
63.3999999999998 213
63.7999999999998 217
64.1999999999998 230
64.5999999999998 262
64.9999999999998 252
65.3999999999998 206
65.7999999999999 209
66.1999999999999 212
66.5999999999999 226
66.9999999999999 241
67.3999999999999 221
67.7999999999999 204
68.1999999999999 219
68.5999999999999 226
68.9999999999999 245
69.3999999999999 229
69.7999999999999 239
70.1999999999999 240
70.5999999999999 230
70.9999999999999 233
71.3999999999999 228
71.7999999999999 199
72.1999999999999 255
72.6 215
73 205
73.4 235
73.8 205
74.2 181
74.6 215
75 237
75.4 214
75.8 220
76.2 200
76.6 222
77 222
77.4 209
77.8 198
78.2 213
78.6 214
79 216
79.4 203
79.8000000000001 236
80.2000000000001 220
80.6000000000001 219
81.0000000000001 207
81.4000000000001 239
81.8000000000001 228
82.2000000000001 217
82.6000000000001 212
83.0000000000001 243
83.4000000000001 210
83.8000000000001 208
84.2000000000001 224
84.6000000000001 226
85.0000000000001 214
85.4000000000001 214
85.8000000000001 221
86.2000000000001 225
86.6000000000002 212
87.0000000000002 197
87.4000000000002 215
87.8000000000002 217
88.2000000000002 211
88.6000000000002 245
89.0000000000002 210
89.4000000000002 187
89.8000000000002 210
90.2000000000002 193
90.6000000000002 215
91.0000000000002 213
91.4000000000002 216
91.8000000000002 202
92.2000000000002 199
92.6000000000002 192
93.0000000000002 233
93.4000000000002 219
93.8000000000003 220
94.2000000000003 239
94.6000000000003 212
95.0000000000003 194
95.4000000000003 203
95.8000000000003 219
96.2000000000003 198
96.6000000000003 225
97.0000000000003 209
97.4000000000003 206
97.8000000000003 193
98.2000000000003 218
98.6000000000003 203
99.0000000000003 180
99.4000000000003 171
99.8000000000003 214
100.2 214
