1	1000	1000	1000	1000	1000	1000	1000	1000	1000
2	1003.2998	1000.57904	990.06017	993.55552	980.87733	995.44548	973.09169	982.49854	968.52511
3	971.64345	988.25034	968.23765	965.20225	957.27311	967.30302	951.70304	959.70375	937.84738
4	959.69888	970.01866	952.97067	944.93782	929.62054	937.41042	920.80926	929.1633	901.00912
5	939.63898	958.91237	922.8378	924.48598	910.76604	921.57606	891.27826	902.41081	875.56618
6	927.59288	939.57891	903.39057	907.82466	885.60952	892.6598	865.16705	872.20984	845.01335
7	908.93993	930.29016	889.89722	886.44182	862.22706	865.37942	838.99583	847.13245	817.66752
8	889.25715	907.97304	865.58661	866.6973	840.82494	846.1902	817.97144	819.07561	788.47757
9	869.30603	895.47546	847.06693	845.50187	820.58833	823.37606	791.48739	797.21442	760.46683
10	858.14471	870.8261	836.31236	821.47715	803.93077	803.50132	762.32923	770.49319	736.5925
11	844.90924	862.66326	813.9258	806.29092	777.85112	780.01724	746.04882	749.89614	706.8956
12	824.81307	850.45519	795.41238	790.33087	762.86964	765.59546	721.53179	724.5284	684.33272
13	812.2158	837.82893	781.2359	773.04081	741.32827	742.39182	703.67434	701.99717	658.80162
14	789.65385	818.09335	763.01078	752.49225	721.53518	719.14664	677.38742	681.51179	635.48199
15	778.84064	807.05141	744.11507	736.93724	705.16126	700.63254	662.32837	660.16876	617.5294
16	761.145	786.29447	732.27626	721.75706	687.51354	684.14903	640.42546	641.95259	593.50812
17	749.33097	771.80242	720.63174	704.31586	669.01488	665.46875	621.76235	624.0893	573.94285
18	737.18335	758.38802	700	688.70645	655.95701	648.51264	602.88496	602.39785	556.89395
19	723.01232	751.22242	689.18902	672.13581	632.59517	632.74061	586.7974	585.78978	535.58742
20	710.11045	737.67934	669.02733	656.49616	619.04737	613.26056	568.64854	570.39224	519.33935
21	692.50908	722.93798	657.75884	641.11648	600.8994	595.42159	551.27106	552.0912	500.36919
22	683.08107	712.60374	641.64578	626.24461	590.4201	583.45624	535.35064	534.6076	484.69787
23	666.16867	701.90761	630.23941	612.18888	574.01524	568.2347	522.72571	517.94146	469.81636
24	658.69879	689.69954	613.42442	600.60576	560.98316	552.07836	508.71231	503.62045	453.3038
25	649.72042	674.14592	603.68513	584.3797	547.87371	538.25381	490.13062	490.43405	437.10349
26	634.16421	665.78202	588.95713	573.67922	534.10931	524.07092	475.20442	473.55796	422.98607
27	618.91259	655.43975	577.6009	559.53281	523.27932	512.44833	466.2864	458.70986	409.72092
28	609.21624	642.94216	568.55102	549.92655	505.77599	498.56665	447.85471	446.26497	396.00392
29	595.50937	630.85473	554.53748	537.50914	493.63093	482.01562	435.97974	433.01156	384.03553
30	584.174	620.88239	546.15819	525.93811	483.06912	473.73751	423.85621	419.40527	370.42874
31	578.64048	611.9475	530.60291	509.4521	470.54758	457.54482	410.63133	407.15693	358.03789
32	561.10438	598.2275	518.63249	498.88461	456.71614	447.797	398.45638	394.76564	345.29438
33	552.00273	586.59847	509.69541	491.67236	447.09292	436.7249	389.94977	383.26328	332.98802
34	546.22263	579.22377	499.54876	479.02523	433.83908	426.67588	374.50932	372.59623	324.41398
35	534.45212	570.84379	486.7636	464.58259	424.13334	413.82767	364.58423	361.72817	311.82843
36	525.66232	561.90086	475.95262	457.6182	413.75202	402.00253	355.81621	352.48607	303.08908
37	513.60172	545.53497	470.11156	448.12076	402.23614	393.54266	345.98111	342.27465	292.41377
38	505.61692	544.32059	460.45375	435.29227	392.05079	381.67079	334.86895	332.59033	282.4144
39	493.89718	537.68577	449.9624	427.40292	382.67511	374.56636	327.78083	321.6508	272.56931
40	484.04853	526.48298	440.55528	416.90798	375.88832	362.19593	316.08156	312.91794	265.35448
41	478.19591	514.28296	429.24919	409.43578	367.48734	352.96745	307.88779	304.14934	257.12942
42	465.76545	506.76349	419.62898	399.75697	355.23914	346.35638	297.74414	294.86704	247.32107
43	459.86206	499.10732	415.20431	392.36336	349.87571	334.67667	290.40317	287.73781	238.48988
44	452.03681	490.89622	405.46503	382.72687	339.40157	326.5959	281.97799	276.43199	231.42934
45	444.29134	479.78994	395.29957	375.69599	333.52243	321.26239	273.30853	270.69644	224.73615
46	436.03095	474.55446	386.66332	367.31091	326.17351	312.4234	267.89173	260.7575	216.01884
47	427.01632	463.4723	379.14891	360.26189	315.7664	304.78926	258.9223	255.38824	210.02729
48	418.55287	457.1833	372.26122	348.67272	307.00442	293.61848	250.71995	246.66431	201.97122
49	411.51813	452.47057	363.38681	344.35625	301.4605	287.61503	243.8761	241.45586	195.50579
50	400.89349	444.52487	355.5089	336.88404	292.82745	278.84875	239.6935	233.59852	188.3681
51	394.22136	434.70533	345.97644	326.59464	285.87047	274.05534	233.06821	227.43415	182.67412
52	385.51858	426.3334	340.55528	321.18395	281.06402	266.69125	225.81723	222.99401	176.75972
53	385.08344	422.26404	337.04563	311.81346	272.87449	261.22271	217.58061	214.63637	172.66739
54	376.8158	414.35855	329.95112	306.05817	267.06239	254.12348	209.86252	206.70309	166.00727
55	368.35235	407.09644	318.68889	301.08274	259.07914	247.20601	206.45131	203.62983	163.05741
56	365.06705	396.40835	313.90699	290.78126	255.89203	242.96309	203.09581	197.93002	157.80058
57	353.39082	396.14296	307.7087	286.59174	246.68138	236.54417	194.75204	191.25642	152.11026
58	350.07651	389.53227	303.59739	283.06119	242.53504	231.6417	189.28382	187.07089	148.05835
59	343.36087	382.8894	296.18325	275.28066	236.62496	224.41264	184.59554	180.46876	142.22477
60	335.52112	373.26288	288.6563	270.17224	231.26154	219.60884	179.76156	178.07001	139.01777
61	328.74745	385.17339	284.41339	263.73381	226.07862	215.40747	176.82603	172.00391	134.06951
62	321.04549	363.09754	278.91702	259.11506	220.40576	209.35208	169.83647	168.27402	129.88535
63	316.5273	355.49765	275.82728	256.2616	215.19705	205.11436	166.34812	163.24425	124.64321
64	312.44425	352.61854	266.91527	248.83776	211.71599	201.07917	161.68984	157.24068	122.00193
65	306.4901	346.64318	263.60617	243.02806	204.88794	193.96955	157.31868	154.85534	118.30268
66	300.57946	336.93624	257.28253	236.48081	198.29196	188.62565	153.97604	150.63408	113.60789
67	294.29895	334.17776	251.96164	234.47976	196.23426	184.67874	150.43626	145.98847	112.41032
68	290.76708	330.9448	247.86287	226.27605	191.88163	179.96842	144.77947	143.01349	107.32981
69	283.84112	321.14939	242.58586	221.84472	188.11692	176.95631	143.0053	137.2154	104.29547
70	278.31485	317.60278	240.62422	218.07839	182.38219	172.65107	137.50707	134.39676	101.11418
71	277.63313	314.66737	231.81875	214.10651	179.15382	167.88882	133.2602	130.18444	98.73373
72	268.604	308.53117	228.88569	208.23635	174.98169	163.09541	130.82606	128.48254	94.58263
73	268.81432	301.72747	223.34545	207.48067	171.62955	160.89865	127.0463	124.94025	92.76423
74	263.5709	294.71466	220.09902	202.75311	165.65759	156.88942	123.63937	121.64812	90.13397
75	255.05668	294.36081	215.17298	197.12477	163.48643	155.3626	121.68092	116.29673	87.2282
76	252.9245	289.06099	210.52895	193.82394	158.45822	148.56457	117.19835	114.87178	83.67589
77	248.90671	284.51715	205.69692	188.42534	154.95137	145.12142	114.54566	113.65677	82.38648
78	243.11937	283.87377	202.24994	186.28524	153.00713	140.9564	110.57734	109.85987	80.11623
79	239.7833	276.18542	199.46729	181.85995	149.7736	138.5571	107.45753	106.31312	77.90109
80	237.13621	269.79187	196.91652	178.49262	146.00889	133.8312	106.42902	104.24046	74.9145
81	230.71065	267.88587	192.55452	173.31165	142.00695	133.12491	104.36773	99.39384	72.86466
82	225.41646	258.84643	188.34294	171.85469	138.43306	129.02221	100.078	98.56745	70.35196
83	223.37131	260.14122	183.66132	167.03645	136.75699	127.07472	98.68951	96.37865	69.66501
84	218.65005	252.79065	180.5277	163.71144	131.52249	123.51731	94.59263	93.01952	66.90618
85	215.4953	250.98115	177.95813	160.6887	129.01096	119.87162	92.24849	92.13953	64.62859
86	209.70795	248.51219	172.4743	157.04933	125.60725	117.50348	90.82572	88.98587	62.86161
87	208.30825	240.84797	167.72374	154.46186	124.65834	115.41058	87.74877	87.27057	61.48404
88	206.34287	237.41395	167.27877	151.40285	120.30572	111.17285	86.09459	84.89416	60.63178
89	200.64981	235.138	162.86663	146.67529	119.74874	110.19651	83.84902	81.92811	58.01989
90	197.98096	231.39838	161.11807	145.97402	116.95873	107.58429	80.96491	80.1324	55.94801
91	195.25408	229.10635	157.19479	141.56687	112.92585	105.9484	79.97069	77.55051	54.13328
92	191.49739	222.77713	154.7255	139.94668	110.40401	104.40599	76.63661	76.38017	53.7696
93	187.45059	221.33758	150.80221	136.89976	107.91827	100.71875	76.58519	75.09369	51.69405
94	183.76642	219.0938	149.56129	133.76216	106.83527	97.65471	73.50824	73.10591	51.50303
95	182.28695	212.40269	145.08649	133.44779	104.01432	96.61086	70.89412	71.47994	49.05645
96	179.19746	211.59847	144.47857	129.08296	101.85348	95.36966	71.09553	69.32688	47.75969
97	175.79612	208.53439	139.99749	125.23804	99.90923	92.36793	68.50284	67.37036	46.3013
98	171.14739	204.33636	139.42717	124.46422	97.17079	90.64895	67.0715	66.34296	45.74659
99	169.66066	202.90484	135.60416	121.30244	95.67007	88.11982	65.46017	64.65446	44.35432
100	168.15943	199.68796	132.37654	119.04143	93.10181	86.53586	64.73593	63.38585	43.11634
101	162.19078	197.08229	131.39885	118.06206	91.35354	84.48451	63.04747	62.488	42.59837
102	162.42285	192.28913	126.62321	114.90633	88.41913	82.57338	61.62041	61.4204	40.99303
103	156.91835	191.0828	125.87115	110.83168	86.80495	80.28314	59.51197	58.36948	39.23341
104	156.89659	188.13936	123.92204	111.39995	85.22171	79.09387	57.96921	58.19527	38.18645
105	152.66849	183.04864	122.66232	109.69513	83.01445	77.23467	57.91779	57.19467	36.86765
106	152.74101	182.94409	118.88945	106.24316	82.01397	75.59879	57.03927	54.39837	36.78315
107	148.66521	178.88278	116.68338	103.10556	79.92017	73.37086	53.95375	53.37544	35.54517
108	144.97378	174.83755	114.77187	103.76452	78.65667	73.24103	53.04095	52.49545	34.98679
109	143.03741	171.99865	111.06167	99.14577	76.55256	70.9456	52.39813	52.42845	34.12351
110	140.956	171.08184	110.33467	98.02736	76.34111	69.51744	51.18535	50.05651	32.89288
111	138.66427	168.64505	109.97744	97.15681	73.59752	67.43493	48.9055	49.42667	32.45205
112	136.66988	166.37715	105.84106	95.01672	71.93692	67.59592	48.64409	47.86324	31.68795
113	134.82054	162.79032	103.70394	93.62021	70.02878	66.31837	47.43559	47.55949	30.24425
114	132.36926	160.40179	103.59739	90.94811	69.97205	64.19951	45.63142	47.34061	29.57567
115	130.25158	157.49051	100.01253	90.24079	68.73434	63.83597	46.18853	45.23668	29.13852
116	127.35066	153.72676	99.14766	87.13946	66.78494	61.49899	44.51292	44.13781	28.24217
117	126.05249	153.87956	97.22988	85.00541	65.36157	60.24222	43.78011	44.24502	27.90054
118	122.01295	151.22563	97.51817	85.07796	63.53594	59.48919	42.79017	42.38677	27.21358
119	122.82521	149.39201	95.82602	82.88949	63.19041	57.48458	42.39591	40.93055	27.21358
120	117.48026	147.20453	93.28152	82.91972	61.75673	57.94159	41.40168	40.6268	26.25479
121	117.63255	143.01454	89.57132	81.0154	61.24617	56.87696	40.45031	40.16224	25.45028
122	118.08945	142.69285	89.53372	77.55739	59.55979	54.46727	39.15182	40.19351	24.9066
123	114.80415	139.26687	88.65004	77.70248	58.18799	54.07258	38.04189	38.87129	24.50986
124	111.24326	138.68783	87.09576	75.67724	56.90902	52.39515	37.03053	37.68756	23.44453
125	112.4544	136.99897	84.88343	74.21424	56.06325	52.1251	36.91911	36.99518	23.36739
126	109.81456	133.34781	82.64603	72.6666	54.94415	50.36457	35.16208	36.2358	23.52902
127	107.15296	131.26488	81.39885	72.52755	54.43359	49.77773	35.44063	35.95438	22.16981
128	105.30362	131.77958	79.88218	71.17941	52.91739	48.68714	34.7721	34.57857	21.95675
129	104.20852	128.30535	79.46227	70.50836	51.35478	48.07433	33.63646	33.72091	21.56368
130	102.09809	127.21161	78.74781	67.9874	51.09692	47.77312	32.7408	33.54224	21.25878
131	100.70565	123.93843	74.54876	66.96572	49.53947	46.32419	32.56081	33.35909	21.02367
132	99.48726	121.29254	73.34545	67.37076	47.80151	44.97912	31.36946	32.12175	19.72691
133	97.08674	119.40262	73.5648	64.52334	47.76025	43.51461	31.41231	32.18875	19.65344
134	96.8039	121.92788	72.94435	64.14248	46.53801	43.57174	30.35381	31.55892	18.73873
135	95.2084	117.7218	70.77588	63.33843	46.15123	41.91508	30.55094	30.51812	18.89669
136	93.5041	116.78087	71.03911	62.4437	44.85163	42.57982	29.00389	29.72747	19.16118
137	90.5234	113.66853	69.26548	60.09201	45.09917	41.40094	29.85669	29.01276	18.48893
138	91.59674	112.64717	67.20356	59.95901	43.59329	41.45807	28.23251	28.49906	17.94524
139	87.45567	110.29081	67.40411	57.75846	42.47419	39.90008	27.92396	27.99877	17.86442
140	87.65874	108.32047	65.51141	56.60377	42.1235	39.74948	27.28543	28.73134	17.53013
141	86.01246	108.0229	64.89722	56.27127	40.62793	38.52905	27.40971	27.74415	17.30605
142	86.63616	106.31796	63.50589	56.25314	39.96782	38.49789	25.50268	27.06964	16.40603
143	85.80939	105.00708	63.12359	55.5035	39.79248	37.93702	25.53697	26.98031	16.23337
144	82.46608	103.81683	62.96064	54.64504	39.72543	36.44654	24.96272	25.89037	15.97255
145	80.653	103.26996	60.72951	52.66212	38.00295	35.03396	24.98843	25.47941	15.49499
146	79.05024	99.26494	60.25946	51.60417	38.73526	35.05993	24.76987	24.92551	15.13131
147	79.79723	98.36422	58.21008	51.79158	37.83792	34.75353	24.21276	25.36327	15.10192
148	77.73757	99.49817	56.30484	49.50639	36.33719	34.3121	23.74136	24.41182	14.57661
149	78.11469	97.33481	56.11682	48.87161	36.05355	33.7668	23.01712	23.78644	14.5362
150	75.52561	97.46349	56.15442	48.94416	35.31092	33.2215	23.16283	23.41122	14.45538
151	75.22101	94.6648	54.86337	47.86806	34.22277	32.08417	22.00576	23.70157	13.77577
152	74.49578	91.80178	54.41213	46.62874	34.57861	32.30748	22.11718	22.88859	13.41209
153	72.41437	91.40771	53.27776	46.5441	33.60907	31.77258	21.89434	22.46423	13.77577
154	71.37003	89.78318	50.80221	45.53451	32.78393	30.99877	21.57293	22.01754	13.56271
155	69.75277	87.2338	52.03685	44.28914	32.85097	30.6716	20.76727	22.5625	13.20638
156	67.72937	87.12121	51.27852	43.95664	31.52043	30.15746	20.17159	21.74505	13.57373
157	68.43285	88.12649	48.59614	44.12592	31.4998	30.12111	20.02588	21.4011	12.60759
158	69.58597	83.79978	49.19153	42.57827	30.68497	28.7345	20.16302	21.19562	12.60759
159	65.02426	84.06517	49.44848	42.74755	30.51479	28.51119	19.76019	20.37817	12.45697
160	65.24908	83.29312	47.19855	42.10068	30.33944	28.28787	19.30593	20.78466	12.41289
161	64.54561	81.4595	47.26749	41.42359	29.49367	27.70623	18.77882	20.2665	12.38718
162	64.56736	81.24236	46.15192	40.81904	29.12236	27.30634	18.80453	20.21289	11.97207
163	62.21036	79.11922	46.77237	39.79736	28.97796	27.17651	18.23885	19.91808	11.46144
164	60.17971	79.95561	45.2745	39.65831	28.16313	27.11938	18.42313	19.32397	11.10144
165	61.80423	77.52686	44.48483	38.2739	27.94653	26.12227	17.43319	19.44011	11.60471
166	60.17246	76.13556	44.1464	39.6704	27.57522	25.07842	17.33891	18.43952	11.10878
167	59.59227	75.44393	43.16245	36.21239	27.19875	25.76393	17.38176	18.90408	10.96184
168	58.06204	73.62639	41.9278	37.89303	26.89447	25.67045	17.39462	18.6316	10.83694
169	58.72925	73.97221	41.48283	36.26075	25.7238	24.92262	17.35605	18.22511	10.52837
170	57.16275	71.59976	41.31988	35.50507	25.074	24.43964	16.88894	17.564	10.44387
171	55.69778	70.36126	40.53021	35.44461	25.28029	24.21633	16.3704	17.85435	10.47694
172	55.79206	70.65078	39.67786	35.18466	24.81615	23.98783	15.77044	17.05477	10.87
173	53.92096	70.51406	38.39308	34.20529	25.7238	23.53601	16.39611	17.13964	10.5651
174	54.13853	70.43364	38.70644	33.72165	23.97553	23.09458	15.92471	16.64828	10.13897
175	53.62362	67.12829	37.59714	33.82443	24.12509	22.2273	15.2219	16.94756	10.31897
176	53.36979	67.69929	38.14866	32.61533	24.44999	23.02187	15.46617	16.45173	10.17203
177	51.65824	65.47964	38.21133	33.23197	23.29995	21.57814	15.11476	16.82249	9.81937
178	50.91125	64.55478	35.6731	32.07729	23.06272	21.07958	14.97334	16.16138	9.79366
179	49.71462	65.51985	35.93006	32.37956	22.47996	21.66123	14.59194	15.89337	9.20589
180	50.23679	64.94081	35.2908	31.46065	22.13444	20.9134	14.53194	15.8889	9.58794
181	49.62759	62.62465	34.76435	30.31805	22.20148	20.78356	14.42909	16.15691	9.2463
182	48.97489	62.44773	35.92379	29.90091	22.14991	21.18864	14.69479	15.68789	9.45202
183	48.68479	61.00817	34.15016	30.22737	21.34539	20.72644	14.51052	15.08485	9.19854
184	47.17631	59.81792	33.0722	29.65305	20.65949	20.56545	13.22488	15.27693	8.9267
185	46.3568	60.38088	32.95939	28.81877	21.16489	20.40445	13.53772	15.29033	9.19487
186	45.13841	58.38641	33.39809	29.76791	21.04628	19.53198	13.36202	14.87937	9.23161
187	45.66058	58.28186	32.11331	27.60363	20.76779	19.54756	13.37916	15.12058	8.75405
188	44.64525	57.40526	31.42392	29.21778	19.97875	19.15287	13.26345	14.35674	8.68425
189	43.64443	56.17481	31.59313	27.34368	19.73121	19.56314	13.04918	14.17359	8.90099
190	43.73871	57.26855	30.62798	27.14418	20.118	19.09055	12.9549	14.53542	8.50424
191	42.46231	55.48318	30.41489	26.51545	19.29801	18.02592	12.32494	14.01278	8.47486
192	42.36803	53.82648	29.80697	27.50086	19.0711	18.29078	12.63778	14.45948	8.25077
193	42.37528	54.71917	29.82577	26.05599	18.93701	18.62315	12.17495	14.2004	8.32424
194	42.4478	53.93907	30.27701	26.45499	18.76167	17.5014	12.79205	13.53482	8.46016
195	41.37446	51.94461	28.729	25.81417	18.18407	18.56603	11.93925	13.1998	8.27649
196	40.30112	53.1831	28.3467	25.33658	17.46207	17.49621	12.09353	13.27574	8.13322
197	39.3148	51.03584	28.60993	25.30635	18.50897	16.84185	11.48499	13.55269	8.28383
198	40.04729	52.12958	27.6197	25.46354	17.63225	17.47024	11.84926	12.98092	7.81362
199	38.58957	50.66589	27.55076	24.85294	17.97778	17.23654	12.0721	13.28467	7.60055
200	37.16086	50.74632	27.63851	23.68012	17.21968	16.67048	11.5707	13.32488	7.79525
201	37.00131	49.30676	26.5104	24.13353	17.11138	16.62374	11.6607	12.58336	7.93485
202	37.09559	48.4945	26.73602	23.60758	17.28157	16.38484	11.55784	12.73524	7.46831
203	35.46382	48.69555	25.90875	23.5713	17.12686	16.24982	11.29643	13.24	7.90913
204	36.25432	47.15145	25.73953	23.16021	16.80196	16.00054	10.97931	12.61017	7.69239
205	35.99324	48.23715	25.7082	23.3053	16.26561	16.53545	10.98788	12.17687	7.67035
206	35.73941	46.91018	25.42617	23.15417	16.34297	15.94861	11.07788	12.45829	7.29932
207	35.68139	46.30702	25.11281	21.92693	15.66223	15.51237	11.08216	11.97586	7.24055
208	34.49926	45.87274	23.98471	22.06598	15.97166	15.26829	11.06073	12.29301	7.57851
209	35.03594	44.87551	25.10028	22.45289	16.07996	15.0242	10.27221	11.99373	7.19646
210	34.57904	44.28038	24.35447	21.71534	15.33217	15.36696	10.43506	12.06073	7.37647
211	33.2156	43.04993	23.5084	21.43725	15.93556	15.50718	10.76504	11.96246	7.10095
212	32.49037	44.32059	24.11005	21.00198	15.28576	14.86321	10.35792	12.03393	7.00177
213	33.71601	43.05797	23.88443	20.26443	14.96086	14.80608	10.26793	11.74358	7.27361
214	32.61366	41.77926	22.71873	21.1652	14.91444	14.47371	10.10936	11.66318	6.83278
215	32.84574	41.24043	22.91301	20.66948	14.25433	14.09979	10.06651	11.50237	7.26626
216	31.53307	42.10095	23.5836	20.11329	14.93507	14.4841	10.19507	11.80612	6.89156
217	31.46054	40.81419	21.94786	20.17375	14.59986	14.28156	10.00651	11.50237	6.68952
218	31.40253	40.50055	22.07947	19.87147	14.38842	14.59835	10.07508	11.40856	7.01279
219	30.51774	40.42012	22.22361	19.62361	13.73862	14.11537	9.88224	11.20308	6.92095
220	30.56851	40.3397	21.94786	19.06743	13.63032	13.95958	9.65082	11.36389	6.64543
221	29.4589	38.90015	21.86012	19.75056	13.52717	13.71549	9.89938	11.27902	7.24789
222	30.61928	38.83581	21.17072	19.44829	14.18213	13.54931	9.65939	10.82786	6.53523
223	29.71274	37.62144	21.28353	19.59943	13.11976	12.99882	10.0708	11.19861	6.38094
224	29.81427	38.52216	20.70694	18.38429	13.84692	14.00632	9.48369	11.0378	6.74095
225	29.16156	37.70186	20.34971	17.67092	14.32137	13.19097	9.39798	11.18521	6.64176
226	28.47259	37.06653	20.30584	18.65029	13.19196	13.15981	9.57797	11.04227	6.47645
227	28.08096	36.4714	20.2369	18.21501	12.81033	13.44544	9.47083	11.14948	6.54257
228	28.5016	36.08538	20.30584	18.1606	13.0424	12.96766	9.10657	10.24269	6.30379
229	28.59588	36.14971	20.1805	18.36615	12.83096	13.23251	8.91373	10.91273	6.57931
230	27.68209	36.2623	19.40963	18.10619	12.67625	12.90534	8.79802	10.96633	6.35522
231	26.53622	36.27839	19.25921	17.55606	13.06819	12.43275	9.23942	10.25162	6.49114
232	26.54347	35.64305	19.41589	18.08806	13.02693	13.30522	8.93944	10.75639	6.23767
233	27.29771	34.99164	19.70419	17.2296	13.13007	12.90534	9.11514	10.3633	6.21563
234	26.97861	34.46889	19.5099	16.61296	12.47512	12.32888	8.62232	10.42137	6.40665
235	27.24695	33.95419	18.97719	16.26233	12.49059	12.28733	8.68231	10.47497	6.22665
236	26.04306	34.05874	18.13111	16.52228	12.19147	12.27695	8.83659	10.52857	6.64911
237	25.03499	33.10976	18.10604	16.26837	12.33072	12.01209	8.98658	10.00147	6.16053
238	26.31865	32.12861	18.0183	16.4316	11.96972	11.96535	8.79802	10.31416	5.93644
239	25.56441	32.4503	17.58586	16.44973	12.13475	12.0069	8.5666	10.15782	6.02093
240	24.94796	31.26809	17.95563	16.69155	12.0316	11.74723	8.38662	10.01487	6.22298
241	25.62968	32.38596	17.44171	15.422	11.70155	11.74723	8.6566	10.29183	6.23032
242	24.49107	32.25729	17.3101	15.92378	11.66545	12.11596	9.02086	10.00147	6.11644
243	24.41855	31.23593	17.42291	15.8996	11.61387	11.78359	8.29662	9.72899	6.12746
244	23.29444	32.01602	17.05315	16.11723	11.92846	11.71088	8.33948	9.74686	6.24869
245	23.59178	30.78556	17.12209	15.71219	11.24256	11.2279	8.34805	10.17568	6.08338
246	23.03335	30.77752	16.16947	15.59128	11.28382	11.58624	8.23234	9.75133	6.01726
247	23.80935	29.63553	16.62071	15.3555	10.5515	11.55508	8.00093	9.92554	5.80787
248	23.44674	30.56038	16.68965	15.22855	10.85578	11.32138	8.54089	9.69326	5.82623
249	22.89556	29.8205	16.45149	14.95046	11.07238	11.81474	8.40376	9.69326	5.69766
250	22.75777	30.30303	16.1444	15.3555	11.11879	11.82513	8.14235	9.38057	5.73072
251	22.20659	29.49077	15.95011	14.77514	11.67576	11.45641	8.26662	9.77813	5.82256
252	22.14857	30.32716	15.44873	14.50309	10.8042	11.56547	8.38233	9.53245	5.62786
253	22.50393	29.18516	15.56154	14.93232	11.1652	11.27464	7.59809	9.60392	5.95848
254	21.35082	28.36486	15.50514	14.81746	10.62886	11.39409	8.28805	9.76026	5.77113
255	22.16308	28.08338	15.42993	13.959	11.06722	10.89553	7.84665	9.22423	5.86664
256	22.47493	27.82603	15.29832	15.30109	10.89703	11.09288	7.88522	9.18402	5.80052
257	21.32906	27.64106	15.51141	14.37614	10.26786	10.67741	7.67523	9.62625	5.68664
258	21.23478	27.78582	15.02883	13.79577	10.13893	10.91111	8.16806	9.16616	5.60582
259	21.56839	27.88233	15.37979	14.21895	10.55666	11.02017	7.79522	9.50118	5.79685
260	20.40076	27.15049	14.84081	13.83204	10.23692	10.73973	7.88093	9.2823	5.75644
261	20.9882	26.48298	14.75934	13.33632	10.63402	10.03864	7.3024	9.17509	5.73807
262	20.61108	26.8288	14.52745	13.52373	10.25755	10.13212	8.11663	9.62625	5.45888
263	19.61026	25.91199	14.97869	13.17913	10.17503	10.67741	7.5681	9.21083	5.43317
264	20.32824	25.26861	13.84432	13.31818	9.99969	10.94746	7.57238	9.25103	5.75644
265	19.44346	25.12385	13.93833	13.00986	9.67995	10.40736	7.04956	9.76919	5.525
266	20.17594	24.98713	14.3457	13.23959	10.2988	10.24637	7.67952	9.13042	5.59113
267	20.03089	25.77527	14.12635	13.26982	9.94812	10.25156	7.76523	9.45204	5.90338
268	18.50791	24.97909	13.73151	13.028	10.35553	10.09057	7.55952	8.92941	5.71235
269	19.24039	25.42945	14.06994	12.93731	9.42725	10.13212	7.43525	9.20636	5.45888
270	19.16787	25.80744	13.19253	12.90104	10.12346	10.12692	7.59381	9.02321	5.70868
271	19.19688	24.52068	14.16395	13.21541	9.42209	10.11134	7.25097	8.29064	5.50296
272	18.52241	24.03815	13.17373	12.8164	9.69542	10.58913	7.3024	8.7552	5.68297
273	18.80525	24.88258	12.8917	12.88291	9.99969	10.10615	7.43096	9.19743	5.49194
274	18.77624	24.11053	14.57759	13.08241	9.72121	10.62029	7.15669	9.15276	5.53602
275	18.44264	22.9605	13.29907	12.66527	9.59743	9.96593	7.36239	8.96068	5.55807
276	17.88421	23.96577	13.48709	12.67736	9.24675	10.11134	7.39239	9.00981	5.69766
277	18.04376	22.84791	13.70644	12.30254	9.96359	9.74781	7.2424	8.67926	5.44419
278	17.20974	23.09721	13.1988	12.99172	9.60259	10.12692	7.5681	9.01428	5.44419
279	18.30484	23.70038	12.79769	12.85872	9.80888	10.17366	7.40953	8.93388	5.33765
280	17.58686	22.72727	12.73502	12.19372	9.10751	9.48815	7.53381	8.37998	5.23112
281	17.49984	22.2367	12.91677	12.95545	9.04562	9.57124	6.94671	9.00981	5.24214
282	17.8697	21.33597	12.62848	12.10908	9.00952	9.35312	6.99813	8.74626	5.12459
283	17.49984	21.95522	12.68488	12.32068	9.38083	9.78417	7.25097	8.81774	5.33031
284	17.20249	22.3332	12.15217	12.10908	8.80323	9.47257	7.24669	8.62566	5.21643
285	16.82537	21.98739	12.70369	12.29649	9.22096	9.65433	6.42388	8.7016	5.21643
286	17.27502	21.81046	12.96064	11.91563	8.73103	9.81533	7.32383	8.50505	5.34133
287	17.23875	21.86676	12.35272	11.93981	9.26738	9.93477	7.15241	8.50952	5.4001
288	16.85438	20.62021	12.62848	11.74636	8.78776	9.40506	7.46096	8.21023	5.14663
289	16.42649	21.01428	12.37779	11.40176	8.87543	9.11942	6.85243	8.64799	5.18336
290	16.33221	21.03037	12.04563	11.35945	9.03015	9.69588	6.6553	8.96514	5.21643
291	16.11464	20.66847	11.93908	11.89749	9.01468	9.1402	6.78386	8.62119	5.19071
292	16.03487	21.31184	11.92028	11.78263	8.64852	9.4518	6.74529	8.49612	5.13194
293	16.441	20.16181	12.15217	11.36549	8.56601	9.12981	6.35103	8.17896	5.26418
294	15.64324	20.25027	11.63826	11.54081	8.75166	9.46738	6.78814	8.49612	5.16132
295	15.73027	20.40308	11.87641	11.94586	8.59179	9.31677	6.5353	8.42018	5.05112
296	15.53446	19.69536	11.4189	11.47431	8.37519	8.98959	6.92099	8.53185	5.20908
297	16.1219	19.54256	12.07696	11.44408	9.14361	9.25445	7.0967	8.61672	5.51398
298	15.58523	20.1216	11.82627	11.09344	8.64852	8.94805	6.63387	8.51845	5.16867
299	15.11383	19.64711	11.28102	11.27481	8.61242	9.05711	7.13527	8.12536	5.52133
300	15.33865	19.83208	11.54425	10.85767	8.52475	9.59721	6.68958	8.46485	4.74989
301	15.62874	19.36563	11.21835	10.86372	8.52475	8.94805	6.90385	8.11196	5.42214
302	15.20811	20.08139	10.73577	10.51308	8.49381	9.07269	6.56102	8.13429	5.31561
303	15.40392	19.30934	11.43144	11.24458	8.54538	9.19213	6.90385	8.14323	5.09887
304	14.85999	19.53452	11.22462	10.96649	8.25142	9.49334	6.50531	8.2281	5.2899
305	14.4176	18.80268	11.11181	11.28085	8.60726	8.92727	6.88671	8.59439	5.26051
306	14.58441	19.44605	11.28729	10.36194	8.26174	8.95843	6.19675	8.26384	5.06949
307	15.03405	18.7303	11.13061	10.3559	8.16891	9.06749	6.53959	8.44698	5.05479
308	14.14201	18.71421	11.17448	10.70653	8.39066	9.33235	6.41103	8.54079	5.33398
309	15.05581	18.80268	11.01153	10.65817	8.34941	8.54816	6.74958	7.96902	4.92622
310	14.60616	17.9502	10.84858	10.54331	8.50412	8.77667	6.69815	8.46931	4.81968
311	14.22179	18.09496	11.12434	10.80931	8.09155	8.90131	6.64244	8.49612	5.22377
312	14.10575	18.04671	10.81725	10.27731	8.60211	8.43391	6.63815	8.22363	5.03642
313	14.42486	18.3121	10.51642	10.77303	8.51959	8.63645	6.57816	7.58933	4.89316
314	13.98246	18.45686	10.6543	10.56749	7.88526	8.94805	6.08962	8.13876	5.07316
315	14.23629	17.86978	10.51642	10.40426	7.76665	8.23656	6.49245	7.90201	5.10989
316	14.22904	18.14322	11.0742	9.96899	8.49381	9.01556	6.58244	8.09856	5.14296
317	14.0985	17.17011	10.2908	10.93626	7.85948	8.83899	6.68958	7.72334	5.04377
318	14.02598	17.47571	10.49135	10.53726	8.41645	8.61048	6.58244	7.87074	5.09887
319	13.54007	16.93688	10.67937	10.36799	8.46802	8.58971	6.56959	7.80821	5.08785
320	13.65611	16.96905	10.89245	10.32567	7.82854	8.37159	6.3596	7.91988	5.11724
321	13.66336	17.72502	10.44748	10.21685	7.41081	8.58452	6.2996	7.79927	4.76458
322	12.96714	16.768	10.24693	9.60626	7.78728	8.72993	6.2996	7.97348	4.86744
323	13.58359	17.09773	10.52269	10.84558	7.90589	8.48065	6.1539	8.19683	5.05112
324	13.70688	16.95297	9.77062	10.74885	7.62225	8.2106	6.33817	7.67867	5.01438
325	13.51832	17.01731	10.01504	10.01735	7.60162	8.42872	6.43245	7.96902	4.86377
326	13.40228	16.79213	9.72675	10.4889	7.62741	8.64164	6.26961	8.03155	4.9152
327	13.32976	16.2533	9.97117	9.76344	7.76149	8.79744	6.43245	7.65186	4.52213
328	13.1412	17.16207	10.08398	9.56394	7.48816	8.37678	6.33817	7.86181	4.92254
329	13.11219	16.51869	9.93357	9.93271	7.51911	8.58452	6.23532	7.39278	5.1503
330	13.07592	16.15679	9.73928	10.1564	7.87495	8.49104	6.45388	8.02262	5.0254
331	13.27899	16.69562	9.80196	9.57603	7.85432	8.17425	6.53959	7.62953	4.84907
332	12.99615	15.33649	9.70168	9.80576	7.67382	8.45468	6.30817	8.00029	4.97765
333	12.3652	15.7386	9.72675	9.90853	8.16375	8.31966	6.40674	8.08069	4.77193
334	13.46755	15.54558	9.73928	9.99921	7.39018	7.98729	6.57387	7.96008	4.98499
335	13.28624	16.43827	9.97117	9.8239	7.56036	8.68838	6.04676	7.82161	4.6654
336	12.56826	16.46239	9.92103	9.51558	7.94715	8.33524	6.31246	7.96008	4.65438
337	12.31443	15.81902	9.85209	9.50349	7.44175	8.33524	6.43245	7.98242	4.86009
338	13.32976	15.33649	9.57633	9.93876	7.67382	8.41833	5.96534	8.03155	4.7756
339	12.27817	15.49733	9.83956	9.35235	7.31798	8.09115	6.15818	7.54913	4.60295
340	13.05417	15.15956	9.70795	9.56999	7.72539	8.11712	6.76672	7.6876	4.9703
341	11.95907	15.32844	9.51993	9.05612	7.75634	8.07557	6.08962	7.7412	4.91887
342	12.56101	14.36338	9.07496	9.67276	7.52426	8.16905	6.14961	7.76801	4.63601
343	12.72781	15.32844	9.45726	9.8783	7.17874	8.10154	5.97391	7.51786	4.58825
344	12.64079	15.26411	9.43846	9.35235	7.61194	8.31966	6.28246	7.85288	4.67642
345	12.54651	15.28019	9.43846	9.41885	7.69961	8.15347	6.28246	7.37045	4.52213
346	12.72056	14.74136	9.66408	9.0138	7.51395	7.83668	6.11533	7.48212	4.84173
347	11.80677	15.43299	9.36952	9.22539	7.93684	7.98209	6.19675	7.42405	4.9005
348	11.56744	14.5001	9.11256	9.08635	7.25609	8.16386	5.99105	7.87968	4.74989
349	12.16939	15.07914	8.8744	9.28585	7.48301	8.27292	5.98248	7.42852	4.76825
350	12.9889	14.78157	9.36325	9.12867	7.61709	7.87823	5.82392	7.50892	4.5956
351	11.73425	14.87808	9.24417	9.59417	7.16842	8.2833	6.31246	7.51786	4.79764
352	12.5175	15.15152	8.98095	9.03194	6.98792	7.85745	6.34674	7.58486	4.9703
353	11.82127	14.48401	9.08749	9.2798	7.60678	8.16905	5.99105	7.38832	4.65805
354	11.61821	14.33121	9.17523	9.12867	7.03949	8.01325	6.13247	7.54466	4.70213
355	11.71974	14.1382	9.62021	9.31003	7.41596	7.59779	6.00819	7.42405	4.69478
356	11.38614	14.37142	8.96215	8.82639	7.35408	7.6705	6.11533	7.59826	4.64703
357	11.72699	14.99871	8.96841	8.89894	6.97761	8.23137	5.88392	7.42405	4.59192
358	11.47316	13.85672	8.95588	8.9473	7.15811	8.26253	5.99105	7.04883	4.69846
359	11.45141	13.74413	9.5262	9.52162	7.18389	7.90419	5.9782	7.16497	4.61029
360	11.5892	14.00148	8.76159	8.86266	7.19936	7.88342	6.29103	7.25877	4.96663
361	11.79952	13.30985	8.92454	8.91707	7.07044	7.72243	5.75964	7.47765	4.71683
362	11.10329	13.80042	8.8556	8.72966	6.87962	8.21579	5.90106	7.65186	4.46335
363	11.24109	14.38751	9.10003	8.95939	7.20968	7.8211	5.93534	7.45085	4.76825
364	11.1178	13.30181	8.93708	9.17703	7.26125	8.12231	6.16676	7.2141	4.51845
365	11.69798	13.83259	8.81173	8.72966	7.05496	7.70166	6.17961	7.37938	4.57356
366	11.61821	14.46793	8.92454	8.79616	6.91056	7.99248	6.01676	7.61613	4.43396
367	11.29185	13.68783	8.73653	8.56644	7.06012	7.97171	6.17533	7.27664	4.63233
368	11.04528	13.7763	8.50464	8.26416	7.43144	8.09115	5.75107	7.20964	4.52947
369	10.91473	13.80042	8.56731	8.8143	6.99824	7.75878	6.05962	7.45085	4.79397
370	10.78419	13.39027	9.10629	9.05007	6.86931	8.11712	5.71678	7.1069	4.4707
371	11.34987	14.1382	8.4169	9.30398	7.01886	7.3537	5.64393	7.16497	4.90785
372	10.92199	13.73609	8.69265	8.6148	7.00339	7.37967	6.20104	7.33918	4.71683
373	11.05253	13.43048	8.78666	8.58457	6.91056	7.76917	6.22675	7.30791	4.61764
374	11.18307	12.54584	8.4545	8.45157	6.96729	8.05999	6.04676	7.26771	4.58825
375	10.76244	14.12211	8.97468	8.60876	7.47269	7.94574	5.94391	7.34811	4.62499
376	11.00901	13.24551	8.94334	8.88685	7.08075	7.69127	5.89249	7.29451	4.31641
377	10.65365	12.90774	8.8744	8.74176	7.14264	7.45238	5.64822	7.45532	4.5809
378	10.76244	13.59937	8.61745	8.80826	6.71459	7.62376	5.9482	7.37938	4.52947
379	10.84221	12.15981	8.67385	8.6148	7.25094	7.95093	5.61822	7.38385	4.46702
380	11.01627	12.90774	8.31662	8.67526	6.94666	7.55105	5.9482	7.25431	4.44866
381	10.63189	12.44129	7.85911	8.50598	6.92604	8.14309	5.82392	7.49552	4.66172
382	10.63189	12.34479	8.01579	8.67526	6.81774	7.42641	5.69964	7.10243	4.79397
383	11.20483	13.33398	8.21634	8.33671	6.97761	7.56144	5.92248	7.28558	4.50009
384	10.82771	12.89166	8.15994	8.29439	6.70944	7.57182	5.84106	7.0935	4.52213
385	10.61739	12.86753	8.02206	8.42135	6.40517	7.7484	5.47251	7.15157	4.41192
386	10.74793	11.80596	8.21634	8.79012	6.81774	7.77956	5.61393	7.1203	4.54784
387	10.74793	12.36087	8.64878	8.52412	7.00339	7.75878	5.63107	7.30344	4.3458
388	10.73343	12.11156	8.18501	8.79012	7.16326	7.61856	5.67393	7.00863	4.35314
389	10.86397	12.77102	8.30409	8.28834	6.88994	7.57702	6.13676	6.98182	4.61397
390	10.80595	12.28045	8.15367	8.48785	6.84868	7.46276	5.46823	7.1471	4.13273
391	10.84946	12.52976	8.21634	8.16139	7.02402	7.60818	5.81963	6.76741	4.55152
392	10.41432	12.03918	8.17874	9.12867	6.66818	7.42641	5.62679	7.00416	4.39355
393	10.0227	12.10352	8.02206	8.37298	6.84352	7.08365	5.46823	7.05776	4.36784
394	10.12423	12.08743	7.97192	8.53016	6.62692	7.08885	5.99105	7.11137	4.59927
395	10.10973	12.04722	8.30409	8.27021	6.66302	7.47315	5.69536	6.93269	4.71315
396	10.59563	12.93187	8.20381	8.40321	7.09106	7.76917	5.54108	7.1203	4.30906
397	10.54487	12.41717	7.99699	8.40321	6.82289	7.31735	5.65679	6.84782	4.61397
398	10.39982	12.60214	8.00953	7.95584	6.77648	7.34851	5.66536	7.31684	4.74621
399	9.82689	12.66647	7.90925	8.17953	6.96214	7.41083	5.75535	7.38832	4.60295
400	11.09604	11.58078	8.15367	8.40321	6.60629	7.29139	5.76821	6.88355	4.38253
401	10.24027	11.71749	8.091	8.52412	6.56504	6.90708	5.66536	6.94609	4.51845
402	10.56662	12.11156	8.20381	8.22184	6.94151	7.44718	5.57108	6.99076	4.42662
403	10.09522	11.18671	7.93432	8.79012	6.41032	7.49912	5.66536	7.49552	4.23192
404	9.92842	11.83813	7.63976	8.13116	6.74554	7.19271	5.72535	6.93269	4.3458
405	9.49328	11.5084	7.80271	8.05257	7.07559	7.58221	5.72535	6.92822	4.51845
406	9.94292	11.37168	7.73377	8.36694	7.06012	7.01614	5.70393	7.13817	4.43396
407	10.06621	11.83813	7.97192	8.37903	6.67334	7.1252	5.63965	7.22751	4.52213
408	10.24027	11.58078	7.71497	8.19162	6.53925	6.73051	5.33538	7.06223	4.32743
409	10.13148	11.47623	7.85911	7.90748	6.59598	6.95382	5.53679	6.80761	4.33478
410	10.76244	11.20279	8.35422	8.17953	6.61145	7.11481	5.52822	6.96842	4.27967
411	9.89216	11.49231	7.08198	8.13116	6.55988	7.281	5.68679	6.70041	4.5258
412	9.7036	11.04195	7.58335	8.27021	7.03434	7.22387	5.60965	7.20517	4.4009
413	9.60207	11.94268	8.01579	8.23998	6.66818	7.37448	5.98248	7.40618	4.36049
414	9.96468	11.49231	8.04713	8.43948	6.43611	7.12001	5.75535	7.01309	4.48539
415	9.19594	11.2993	8.15367	7.98003	7.17874	7.48873	5.56679	6.84782	4.3311
416	9.79788	10.5755	7.35147	8.15534	6.17825	7.17194	5.6825	6.88355	4.47437
417	9.8704	10.99369	7.85285	8.20371	6.63208	7.23945	5.59679	7.24091	4.27967
418	9.44977	12.42521	7.55202	8.09489	6.33812	7.25503	5.55394	6.86122	4.28335
419	9.5658	10.51116	7.58335	7.73821	6.10605	7.41083	5.36538	7.1605	4.38988
420	9.7036	11.16258	7.72123	7.79866	6.49284	7.37448	5.29252	6.80761	4.14008
421	9.63833	10.9374	7.33893	7.99816	6.76617	7.01095	5.69107	7.1203	4.4009
422	9.66008	11.40385	7.53948	8.50598	6.47737	6.94863	5.6225	7.40618	4.38988
423	10.20401	11.21888	7.3452	7.95584	6.57535	7.40044	5.53679	6.96842	4.09967
424	9.72535	11.53252	7.53322	7.93771	6.62177	7.32255	5.49394	6.88355	4.43396
425	9.64558	10.99369	7.97819	7.58707	6.26592	6.97979	5.63965	7.0935	4.23192
426	9.83414	11.39581	7.97819	7.99212	6.63208	7.5926	5.72535	6.87462	4.26865
427	9.23945	11.11433	7.85911	7.95584	5.98744	7.0473	5.9482	6.94609	4.23559
428	10.10248	11.0902	7.73377	7.58707	6.56504	7.11481	5.53679	7.27217	4.28702
429	9.78337	11.48427	7.73377	8.36694	6.12152	7.32774	5.60536	6.6066	4.54417
430	10.10248	10.68005	7.51441	8.02234	6.06479	7.10962	5.57536	6.77188	4.35314
431	9.50053	11.33147	7.38907	7.47825	6.55472	7.0473	5.24538	6.47706	3.96008
432	9.62382	10.83285	7.55202	7.87121	6.40001	6.96421	5.4468	6.84782	4.30539
433	9.42801	11.04195	7.73377	7.68984	6.27624	6.84996	5.59251	6.58427	4.36417
434	9.15967	11.15454	7.75884	7.8833	6.24529	6.59548	5.57536	6.87015	4.23559
435	9.58031	10.54333	7.81524	8.04653	6.29171	7.08885	5.26681	6.54853	4.28702
436	9.26121	10.8811	7.16345	7.69589	6.71459	7.17194	5.34395	6.6334	3.96375
437	8.97837	11.17867	8.13487	7.82284	6.16794	7.05769	5.89249	6.83442	4.10702
438	9.02913	11.04999	7.24492	7.65357	6.39485	7.4368	5.34395	7.29451	4.23192
439	9.22495	11.25909	7.87165	7.85912	6.30202	7.10443	5.4168	6.85675	4.30172
440	9.58756	10.54333	7.35773	7.61125	6.16278	7.07846	5.27967	6.84782	4.34212
441	9.02188	10.59963	7.49561	8.35485	6.85899	7.07846	5.51108	6.83442	4.24661
442	9.66008	10.75243	7.57082	7.53266	6.28139	7.09923	5.32252	6.84335	4.32008
443	8.63751	10.94544	7.44548	7.57498	6.72491	6.79283	5.6225	6.69147	4.40457
444	9.30472	10.9374	7.19479	7.67171	6.04932	7.14597	5.24538	6.77634	4.28335
445	8.81156	10.58354	7.43294	8.02234	6.64755	6.79802	5.31395	6.86568	4.27967
446	9.32648	9.89995	7.46428	7.89539	6.50831	7.01614	5.4768	6.89249	4.29804
447	9.17418	10.06884	7.40787	8.02839	6.34328	6.61106	5.36538	6.66914	4.16212
448	9.42801	9.89191	7.33266	7.81075	6.40517	7.03691	5.27538	6.58427	4.42662
449	9.26121	9.71498	7.42041	8.13721	6.33297	6.82918	5.49394	6.82548	4.08498
450	8.76805	10.30207	7.17598	7.49639	6.28139	7.10962	5.52822	6.5262	4.41192
451	9.21044	10.35032	7.33893	7.41175	6.14731	6.53316	5.43823	6.75401	4.13273
452	9.13792	10.60767	7.51441	7.82889	6.42579	6.60587	5.09111	6.77634	4.12906
453	9.52954	9.84366	7.37027	7.74425	6.32781	7.04211	5.56679	6.68701	4.276
454	9.37724	9.97233	7.31386	7.15784	6.16794	6.80841	5.39538	6.99969	3.96742
455	9.11616	10.80872	7.10704	7.52057	6.56504	7.06288	5.51108	6.77634	4.17681
456	9.30472	10.44682	7.01304	7.47825	5.87914	6.80322	5.31824	6.47259	4.29437
457	8.9421	10.22969	7.80271	7.17598	6.41032	6.55394	5.48108	6.73168	4.21355
458	8.96386	10.5192	7.06317	8.0163	6.10089	6.62664	5.54537	6.42792	4.13641
459	8.67377	10.39857	7.18852	7.58102	6.31234	6.61626	5.48537	6.6066	4.06661
460	8.78981	10.94544	7.10078	7.3513	6.15762	7.03172	5.11682	6.57533	4.29804
461	8.55048	10.22969	6.95663	7.6173	5.88429	7.29139	5.27538	6.87908	4.18049
462	9.19594	10.03667	7.17598	7.80471	6.21951	7.2031	5.16396	6.43239	4.02987
463	9.13792	10.12514	7.17598	7.47825	6.15247	7.22387	5.08254	6.41452	4.02253
464	9.35549	10.45487	7.69616	7.4178	6.09058	7.05769	5.48108	6.40559	3.95273
465	8.88409	10.29402	7.24492	7.65962	6.27108	6.75128	5.09539	6.66467	4.08498
466	9.46427	9.89191	7.28879	7.27875	6.21951	6.84476	5.27967	6.5664	4.24661
467	8.88409	10.95348	7.32013	7.33316	6.17825	6.59548	5.36109	6.61107	4.30906
468	9.25395	10.5192	7.35147	7.61125	6.09574	7.13559	5.37395	6.5932	3.96008
469	8.65201	10.43878	7.64603	7.50243	5.89461	6.72532	5.22824	6.63787	4.05926
470	8.79706	10.08493	7.0193	7.64148	6.30202	6.6578	5.12111	6.87462	3.93803
471	8.89859	10.28598	7.08198	7.53266	5.82241	6.93305	5.58822	6.60213	4.04089
472	8.40543	9.98038	7.49561	7.4178	6.01322	7.19791	5.0354	6.5262	4.27233
473	8.41269	9.55414	7.73377	7.34525	6.23498	6.8188	5.36538	6.48153	4.11804
474	8.29665	9.80345	7.27626	7.65962	6.22982	7.09923	5.25824	6.68701	4.20253
475	8.97111	9.91604	6.85009	7.77448	6.29171	6.9694	5.56251	6.41006	3.91232
476	9.2467	9.62652	7.16972	7.64752	6.17309	6.92266	5.1811	6.42346	4.03722
477	8.61575	10.2699	6.57433	7.24248	6.27624	7.07327	4.99254	6.60213	3.81313
478	8.23138	9.76324	7.67736	7.5508	6.06479	6.70454	5.2411	6.82995	3.87191
479	8.4707	10.01255	7.23866	7.33316	5.85851	7.09923	5.04397	6.43686	3.89028
480	8.97111	10.25381	7.12585	7.4843	6.22982	6.63703	5.18967	7.01309	4.00048
481	8.61575	9.83562	6.9441	7.70193	6.18341	6.72532	5.2111	6.36092	4.13273
482	8.47796	9.48176	6.54926	7.81075	6.10089	6.96421	4.9754	6.48599	4.03355
483	9.03638	10.22164	7.13211	7.2183	5.84304	6.663	5.39538	6.85675	3.93436
484	8.49246	9.92408	6.88142	7.10948	6.43611	6.5851	4.99254	6.46366	3.91967
485	9.55855	10.31011	7.75884	7.03693	5.63159	6.5799	5.03111	6.49939	3.96375
486	8.52872	9.84366	6.69967	7.53266	5.75537	6.99537	5.38252	6.99969	3.79844
487	9.10891	9.91604	7.18225	7.53871	6.21951	6.76167	4.91541	6.32518	4.19886
488	8.78255	10.37445	7.02557	7.5508	6.00807	6.30466	5.30967	6.34305	3.98212
489	8.24588	9.50589	7.43921	7.56893	6.39485	6.64222	5.39538	6.41006	3.99314
490	8.54323	10.0045	6.92529	7.44198	5.89461	6.84476	5.11682	6.45919	4.05191
491	8.46345	9.97233	7.05064	7.45407	5.79147	6.93305	5.33538	6.38772	4.07763
492	7.72372	9.56218	6.75608	7.83493	6.04932	6.79802	5.35252	6.45919	4.0262
493	8.6085	9.6989	7.21985	7.24248	5.86367	6.34101	5.08682	6.37879	3.82048
494	8.69553	9.89191	7.22612	7.07925	5.92555	6.30985	5.4168	6.40559	4.01885
495	8.6085	9.41742	7.18225	7.18807	6.49799	6.46565	4.92398	6.20458	3.90865
496	8.55048	9.78736	6.88769	7.43593	6.02354	6.31505	4.71827	6.70934	3.98579
497	8.56498	9.73107	6.79368	7.50243	5.84819	6.60587	5.12968	6.30285	4.04089
498	8.51422	9.27266	7.08198	7.41175	6.06995	6.70974	5.36966	6.45919	3.91232
499	8.36917	8.94293	6.66834	6.99461	6.02354	6.43969	5.21967	6.53513	4.12906
500	8.4417	9.93212	6.68714	7.29084	6.17309	6.74609	5.09968	6.57087	4.06294
501	8.23138	9.61044	6.81875	7.69589	5.99775	6.07615	5.08254	6.19564	4.08865
502	8.65201	9.40134	7.0193	7.29084	6.16278	6.90708	4.96255	6.37432	3.7617
503	8.81882	9.79541	6.64954	7.39361	5.86367	6.40333	4.89398	6.12417	3.87558
504	8.39818	9.51393	7.08198	7.55684	6.16794	6.84476	4.99683	6.48153	4.16579
505	8.42719	9.45763	7.18852	7.09739	5.89461	6.47604	5.15539	6.34305	3.88293
506	8.18061	9.15203	7.42667	7.23643	5.56455	6.45007	5.12539	6.28945	4.15845
507	8.72454	9.8517	6.6558	7.76239	5.78631	6.49162	4.92826	6.11524	4.05559
508	8.39093	9.34504	6.81248	7.07925	6.14731	6.52278	5.37395	6.13311	4.22824
509	8.02831	9.44959	6.91903	7.52057	5.80694	6.43969	4.93255	6.12417	4.04824
510	8.41994	9.20028	6.68087	7.06111	5.75537	6.60068	4.9754	6.17778	3.78375
511	8.1516	9.11182	7.07571	7.21225	5.99775	6.54874	5.2411	6.10184	3.92701
512	8.31841	9.89995	6.30484	7.60521	5.89977	6.38775	5.12968	6.61107	3.6515
513	8.40543	9.14399	7.11958	7.56289	5.87914	6.43449	4.85112	6.40559	4.09232
514	8.22413	10.11709	6.93156	7.39361	5.74505	6.53836	4.88969	6.36092	3.82783
515	8.49971	9.51393	7.17598	7.27875	5.91008	6.55913	5.0354	5.9857	3.9564
516	8.53598	9.16007	6.81248	7.11552	6.05964	6.08654	5.09968	6.32518	3.94538
517	8.81156	9.56218	7.13211	7.2848	6.15247	6.32543	5.00969	6.44579	3.80211
518	8.50697	9.67477	6.78742	6.69839	5.66254	6.16963	4.95826	6.35645	3.90865
519	7.92678	9.47372	6.48032	6.80116	5.56971	6.64222	5.2111	6.08397	4.22824
520	8.34016	9.25658	6.61193	7.36339	5.85335	6.36179	4.85112	6.19118	3.65885
521	8.41269	9.51393	6.81248	7.24248	5.99259	6.77725	5.2411	6.17331	4.05559
522	8.69553	9.08769	6.83129	7.03089	5.84819	6.36179	5.04825	6.41899	3.99681
523	7.99205	9.40938	7.07571	6.97648	5.54908	6.1177	4.92826	6.34305	3.97477
524	7.90502	8.94293	7.01304	7.30293	5.94618	6.62145	4.81684	6.38772	3.78007
525	8.12985	9.57022	6.72474	7.12761	5.78631	6.28908	5.05682	6.43239	4.04457
526	7.94854	9.70694	6.74354	7.15784	5.76052	6.78244	5.12539	6.34305	3.79844
527	7.9993	9.3933	6.9817	7.42989	5.44594	6.67858	5.19396	6.38772	3.72864
528	8.05732	8.84643	7.13211	7.2848	5.80178	6.41891	5.49823	6.45473	3.91599
529	8.38368	9.44155	7.10078	6.89789	5.82757	6.64222	4.65399	6.22244	3.92701
530	7.93403	9.32896	6.92529	7.09739	5.85335	6.53836	4.94969	6.21798	3.74701
531	8.18061	8.9751	7.00677	7.2183	5.79147	6.52797	5.14253	5.91423	4.11069
532	8.04282	8.99119	6.26723	7.53871	5.78115	6.18521	4.91541	6.24925	3.79477
533	8.00656	8.73384	6.49286	6.90998	5.89461	6.70454	4.88112	6.13757	3.79844
534	8.29665	9.53001	6.6182	7.34525	6.16278	6.40853	5.08254	6.49046	3.98579
535	7.63669	9.1279	7.10704	6.76489	5.81209	6.90708	5.25396	5.76235	3.94171
536	8.44895	9.71498	6.66207	7.09739	5.88429	6.39814	5.13396	5.89189	3.60007
537	8.17336	9.4898	6.90649	7.09739	5.83272	6.23715	4.83398	6.28498	3.87191
538	7.90502	8.98314	7.10078	7.12761	5.72442	6.30466	5.06968	6.12864	3.98579
539	8.06457	9.37721	6.75608	7.18202	5.67801	6.45007	4.94112	6.25818	3.67354
540	7.83975	9.16007	6.61193	7.0732	5.94102	6.5799	5.01826	5.80702	3.83518
541	7.86151	9.35308	6.72474	7.30293	5.86367	6.26311	4.70113	6.04377	4.07396
542	8.84057	9.45763	6.49912	7.21225	5.73989	6.54355	5.14682	6.32072	3.78007
543	7.97755	8.98314	6.73101	7.27271	5.68317	6.37737	4.84255	6.5128	3.72864
544	7.73097	8.87859	6.9629	6.80116	5.47172	6.33063	4.88541	5.87402	4.00048
545	8.06457	9.81953	6.76861	7.20016	5.85851	6.4293	4.68828	6.41452	3.76905
546	7.94854	8.766	7.10704	7.18807	5.74505	6.17483	4.78256	6.08844	3.68089
547	7.90502	9.47372	6.76861	6.81929	5.60581	6.1956	5.07397	5.79362	3.79109
548	7.76723	9.00727	6.5806	7.30293	5.33764	6.03461	4.55114	5.94996	3.95273
549	7.56416	9.71498	6.74354	7.26061	5.95649	6.47604	5.2411	6.17778	3.66987
550	8.4417	9.0314	6.51792	6.90998	5.51298	6.31505	4.76113	6.0125	3.71395
551	7.88327	9.07161	6.68087	6.83743	5.61612	6.48123	4.58543	6.29838	3.78007
552	8.3039	9.34504	6.61193	7.23643	5.84819	6.36179	5.01826	6.09737	3.89028
553	7.97029	9.16007	6.62447	6.9523	5.51814	6.26311	5.19824	6.44132	3.74701
554	8.00656	8.62124	6.41138	6.72861	5.95649	6.14367	5.16396	5.98123	4.02253
555	8.28214	9.1279	6.20456	6.85557	5.88429	6.59029	4.62828	6.24925	3.71395
556	7.88327	8.55691	6.76861	7.42384	5.65738	6.14367	4.91969	5.87402	3.66252
557	7.80349	8.21913	6.5994	6.96439	5.89977	6.12809	4.8297	6.36985	3.71395
558	7.57142	9.1842	6.64327	6.61375	6.04417	6.31505	4.70113	5.90976	3.7617
559	7.93403	8.96706	6.68087	6.91602	5.68832	6.49162	4.90683	5.95443	3.93069
560	7.94854	9.53001	6.64327	6.77698	5.75021	6.39295	4.68828	6.15544	3.89028
561	7.69471	9.14399	6.50539	6.8072	5.46141	6.03461	4.81684	5.79809	3.8315
562	7.818	8.766	6.71848	6.68025	5.69348	6.2735	5.02254	6.04377	3.68823
563	7.81074	8.90272	6.54299	7.01275	5.26028	6.43449	4.89398	6.30732	3.63313
564	7.97755	8.94293	6.29857	7.0188	5.45625	6.37737	4.85112	5.89636	3.82783
565	7.83975	8.79817	6.38005	6.71652	5.56971	6.17483	4.78684	5.89189	3.56701
566	7.44088	9.29679	6.54299	7.04902	5.72442	6.25273	5.10825	6.07057	3.90865
567	7.55691	8.60516	6.51792	6.92207	5.42531	6.30985	4.58971	6.33412	3.96375
568	7.84701	8.79817	6.48032	6.49284	5.92039	6.41891	4.7397	5.86956	3.39068
569	8.05732	8.11459	6.76235	7.19411	5.99775	6.05538	4.64114	5.77575	4.02253
570	7.45538	8.54082	6.32991	7.20016	5.73474	6.24753	4.70542	5.69535	3.75068
571	7.42637	8.72579	6.56179	6.58957	5.28607	6.48123	4.84255	5.71321	3.8462
572	7.91953	9.1842	6.68087	6.72257	5.54908	6.48642	4.95397	6.16884	3.79477
573	8.23863	9.35308	6.47405	6.86161	5.59034	6.13847	4.90683	6.1063	3.71762
574	7.3756	8.66146	6.60567	6.97648	5.60581	6.16963	4.97969	6.39219	3.7066
575	7.62218	9.20028	6.30484	6.78302	5.84819	6.18002	4.63257	5.9991	3.75803
576	7.70196	9.11986	6.75608	6.71652	5.82241	6.20079	4.93683	5.58814	3.61476
577	7.62218	8.95902	6.50539	6.81929	5.51298	6.39814	4.58543	6.36985	3.8462
578	8.16611	8.83034	6.78742	6.94625	5.60065	6.14367	5.0354	6.04823	3.73599
579	7.56416	8.42019	6.51792	7.34525	5.35311	6.22676	4.64542	5.82935	3.88661
580	8.31115	9.07965	6.2923	6.72257	5.65738	6.34101	4.534	5.71768	3.7764
581	7.6802	8.94293	6.43018	6.92207	5.73989	5.92036	4.84255	6.0929	3.69558
582	7.72372	9.20028	6.41765	6.4747	5.84304	6.12289	4.65828	6.0661	3.57435
583	7.21605	8.96706	6.5806	6.7407	5.57487	5.99826	4.69685	5.76235	3.49721
584	7.84701	8.85447	6.71221	6.97043	5.60065	6.14886	4.97969	5.9589	3.82783
585	7.91228	8.69362	6.36124	6.42634	5.54392	5.78533	4.64971	5.81595	3.71028
586	7.6802	8.44432	6.2735	6.60166	5.91524	6.32024	4.65399	6.01697	3.5964
587	8.16611	8.26739	6.49912	7.26666	5.79147	6.48123	4.79541	5.63281	3.69558
588	7.75998	8.86251	6.29857	6.80116	5.55424	6.10212	4.60257	5.99016	3.91599
589	8.00656	8.12263	6.9629	6.75884	5.82757	6.06057	4.65828	5.86062	3.5817
590	7.6802	8.68558	6.08549	6.97043	5.40468	6.09693	4.65828	5.82489	3.64783
591	7.94129	8.38802	6.66834	7.0188	5.78115	5.90478	4.72685	5.96336	3.93803
592	8.12985	8.5167	6.22336	7.00066	5.45625	6.33582	4.88969	5.97676	3.60007
593	7.90502	8.79817	6.34871	6.97043	5.34279	6.1956	4.75256	5.57921	3.69925
594	7.86876	8.87055	6.33617	6.77093	5.48204	6.33063	4.48686	5.81149	3.37598
595	7.30308	8.72579	6.27977	6.72257	5.34795	6.08654	4.88112	5.83382	3.62578
596	7.94854	8.6695	6.51792	6.59561	5.55424	5.97229	4.74827	5.77575	3.54864
597	7.5279	8.63733	6.66207	6.70443	5.51298	6.16963	4.7397	6.02143	3.68823
598	7.60768	8.39606	6.43645	6.80116	5.94102	6.04499	4.67113	5.90083	3.44945
599	7.54241	8.66146	6.43645	6.68025	5.33764	6.01383	4.73542	5.70428	3.78007
600	7.62944	8.8223	6.56179	6.92207	5.56971	5.87362	4.68399	5.75788	3.59272
601	7.13628	8.69362	6.50539	6.71048	5.58002	6.06577	4.7097	5.80255	3.7066
602	7.62944	8.21109	5.79093	6.76489	5.71927	6.0398	4.51686	5.9723	3.6368
603	7.92678	8.6695	6.07295	7.03089	5.48719	6.18521	4.564	5.67301	3.80211
604	7.73097	8.42019	6.42392	6.32961	5.64191	5.98268	4.67113	6.03483	3.64415
605	7.59317	8.16284	6.58686	6.60166	5.60581	6.08654	4.58114	5.89636	3.62211
606	8.07183	7.90549	6.37378	6.89789	5.73989	5.89958	4.81684	5.4318	3.77273
607	7.33934	8.55691	6.24843	6.5412	5.39952	6.01903	4.474	5.81595	3.79477
608	7.41912	8.83838	6.61193	6.63189	5.26028	6.25792	4.61114	5.79362	3.42741
609	7.82525	8.08242	6.39258	6.6077	5.84304	6.14886	4.90683	5.90529	3.55599
610	7.6657	8.41215	6.41138	6.89184	5.45625	5.83726	4.88112	5.38266	3.62578
611	7.62218	8.3076	5.94134	6.45657	5.36858	6.4293	4.50829	5.99016	3.43109
612	7.24506	8.84643	6.45525	6.48075	5.49235	5.72301	4.65399	5.9991	3.88293
613	7.50615	8.12263	6.28604	6.66211	5.50267	6.07615	4.7397	5.4854	3.60742
614	7.48439	8.12263	5.97267	6.46261	5.32732	6.22157	4.58971	5.69088	3.71395
615	7.69471	8.56495	6.02908	6.65002	5.94102	5.89958	4.71827	5.72215	3.7764
616	7.44813	8.63733	5.79093	6.59561	5.49235	6.1956	4.64114	5.539	3.66619
617	7.48439	8.21913	6.36124	6.94625	5.22934	5.9671	4.65399	5.46307	3.64415
618	7.89777	8.58908	6.01655	6.25707	5.1623	5.87881	4.83827	6.03037	3.74701
619	7.6802	8.60516	6.46779	6.35984	5.50267	6.04499	4.46972	5.89189	3.69558
620	7.95579	8.37998	6.10429	6.79511	5.59034	6.03461	4.72256	5.55687	3.60742
621	7.70921	8.73384	6.48659	6.72861	5.33764	6.47604	4.46543	5.5524	3.46415
622	7.91953	8.12263	6.49912	6.72257	5.46657	6.15405	4.52114	5.86509	3.82048
623	8.02106	8.77405	6.17949	6.95834	5.35827	5.69704	4.51686	5.75342	3.7617
624	7.72372	8.50865	6.52419	6.54725	5.29638	5.86842	4.42258	5.95443	3.73232
625	7.73822	8.09046	6.39258	6.38402	5.31185	6.04499	4.45258	5.55687	3.46415
626	7.24506	8.29956	6.04788	6.83139	5.50267	6.22676	4.91541	5.64621	3.86089
627	7.74547	8.66146	6.67461	6.86766	5.69348	5.7282	4.72685	5.65068	3.87191
628	7.30308	8.3076	6.46779	6.61375	5.11072	5.92036	4.77827	5.65961	3.35027
629	7.41912	8.68558	6.32991	6.51702	5.55424	6.21118	4.34973	5.58814	3.67721
630	7.25232	8.71775	6.17323	6.4747	5.34279	5.85804	4.64971	5.64174	3.62946
631	6.78817	8.37998	6.90649	6.3417	5.49751	5.6503	4.54257	5.80255	3.68823
632	7.54241	8.45236	6.58686	6.66211	5.31185	5.61914	4.31544	5.27992	3.62211
633	7.58592	8.54082	6.43645	6.58957	5.69348	6.19041	4.74827	5.46753	3.25843
634	7.61493	8.2513	6.24843	6.8737	5.14682	5.69704	4.7997	5.51667	3.62578
635	7.71646	8.22718	6.61193	6.53516	5.16745	5.83726	4.58971	5.79809	3.66987
636	7.74547	8.13067	5.94761	6.42634	5.38921	5.97748	4.66685	5.61047	3.58905
637	7.11452	8.21913	5.94761	6.13616	5.14167	6.08135	4.55543	5.72215	3.72497
638	7.62218	7.86528	6.36751	6.5412	4.91991	5.55683	4.76541	5.34246	3.57435
639	7.28858	8.5167	5.82226	6.39007	5.04884	5.9671	4.57686	5.9991	3.57803
640	7.61493	8.09046	6.22963	6.1422	5.51814	6.15405	4.28116	5.37373	3.55599
641	7.54966	8.33977	6.16069	6.28125	5.43047	6.00345	4.52114	5.53454	3.54497
642	7.44088	8.44432	6.30484	6.23288	5.0901	5.97229	4.30259	5.73108	3.52292
643	7.49164	8.50865	6.07295	6.28125	5.25512	5.82688	4.34544	5.82042	3.39802
644	7.65844	8.2513	6.14816	6.49284	5.49751	6.37217	4.40115	5.65514	3.44211
645	7.54966	8.91881	6.49912	6.74675	5.67285	5.70224	4.46972	5.94103	3.68823
646	7.41187	8.37998	6.2923	6.8072	5.10041	6.02422	4.61114	5.96336	3.33925
647	6.96222	8.39606	5.98521	6.83139	5.39437	5.58798	4.65399	5.58367	3.41639
648	7.44813	8.27543	6.29857	6.19661	5.14682	5.6503	4.38401	5.60601	3.51925
649	7.59317	8.70167	6.19203	6.60166	5.43047	6.08654	4.46115	5.82935	3.55231
650	7.07101	8.48453	6.44272	6.13616	5.57487	5.6503	4.30259	5.65514	3.67354
651	6.96948	8.25935	6.15442	6.42029	5.1262	5.79572	4.51686	5.57027	3.63313
652	7.12903	8.05025	6.22963	6.35984	5.13651	5.75936	4.68399	5.4586	3.44211
653	7.3611	8.09046	6.14189	6.45657	5.27575	5.93594	4.40544	5.84722	3.65885
654	7.54966	8.01004	6.38631	6.23893	5.1984	5.52567	4.83827	5.32012	3.48252
655	7.042	7.98591	6.41765	6.2752	5.44594	5.93594	4.43544	5.73555	3.45313
656	6.99123	8.66146	6.33617	6.6077	5.15198	6.0398	4.48258	5.65068	3.53027
657	7.2088	8.32368	6.01028	6.52911	5.15198	6.06057	4.35401	5.90529	3.5119
658	6.89695	8.70167	5.78466	6.63189	5.22934	5.63472	4.37972	5.68195	3.6368
659	7.54241	8.06633	6.02281	6.2752	5.53361	5.79572	4.23831	5.78022	3.31353
660	7.6657	8.12263	5.97267	6.50493	5.01274	5.83207	4.42258	5.54347	3.38333
661	7.39736	8.35585	5.9288	6.42634	5.29638	5.70224	4.3283	5.43626	3.66252
662	7.75998	7.80898	6.36751	6.50493	5.11072	5.97229	4.34544	5.57027	3.5817
663	7.11452	8.03416	5.92254	6.4082	5.24481	5.69185	4.7097	5.57474	3.42741
664	7.79624	8.41215	5.89747	6.41425	5.43047	5.85804	4.42258	5.41393	3.43476
665	7.42637	8.45236	5.87867	6.45052	5.13651	5.85284	4.72685	5.27545	3.42007
666	7.26682	8.21109	5.8724	6.21475	5.10041	5.7282	4.29402	5.78915	3.36496
667	7.44088	8.03416	6.46152	6.44448	4.98695	5.45296	4.3883	5.46753	3.56333
668	7.3756	8.2513	5.82853	6.05757	5.11072	6.24234	4.39687	5.52114	3.46782
669	7.46263	7.99395	6.05415	6.0757	4.95601	6.16444	3.98546	5.38713	3.63313
670	6.92596	8.01808	5.74705	6.70443	4.83224	5.82688	4.76113	5.27992	3.32455
671	7.3466	8.58908	6.04161	6.32961	5.29122	5.60356	4.31973	5.58814	3.51558
672	7.12903	8.23522	6.56806	6.37798	5.54908	5.69704	4.58971	5.30672	3.54129
673	7.39011	8.13871	6.18576	5.88225	5.18292	5.75936	4.52972	5.43626	3.37598
674	7.21605	8.35585	5.96641	6.19661	5.28091	6.10731	4.534	5.37819	3.64048
675	7.48439	7.74464	5.84106	6.2087	5.45109	5.8892	4.30259	5.53007	3.61844
676	7.26682	8.13067	6.34244	6.16034	5.30154	5.69704	4.40972	5.4184	3.35027
677	7.55691	8.35585	6.39258	6.86161	5.17261	5.85284	4.34116	5.79362	3.24741
678	7.44813	8.21913	5.62171	6.02129	5.1623	5.40103	4.59828	5.67301	3.55231
679	7.41912	8.07437	6.26723	6.4082	5.35827	5.67627	4.45686	5.4184	3.36129
680	7.26682	7.88136	6.38005	6.33566	5.24997	5.47893	4.29402	5.04764	3.36496
681	7.07826	7.92157	5.8724	6.02734	5.32217	5.75417	4.40544	5.44073	3.5964
682	7.09276	8.18697	5.80346	6.31752	5.42531	5.81649	4.37972	5.46307	3.82415
683	7.0565	8.32368	5.84733	6.24497	5.45625	5.59837	4.58971	5.32012	3.14822
684	6.81718	7.86528	5.84733	6.58352	5.43047	5.84765	4.77399	5.78915	3.54129
685	6.87519	7.85723	5.72199	6.11197	5.1984	5.75936	4.26402	5.23525	3.46415
686	7.27407	8.63733	6.09175	6.74675	5.1984	5.94632	4.24688	5.03871	3.39435
687	7.26682	7.98591	5.8912	6.39611	5.31701	5.45815	4.15688	5.4184	3.39435
688	7.17979	8.01004	6.17949	6.26311	5.26028	6.18521	4.52972	5.21292	3.37598
689	7.15078	7.90549	6.33617	5.96688	5.38405	5.7334	4.46115	5.11018	3.65517
690	7.3756	8.16284	5.97267	6.26916	4.89412	5.63472	4.59828	5.49433	3.34659
691	7.22331	7.40687	6.22336	6.23288	4.97148	5.62953	4.21259	5.32459	3.75436
692	7.25232	8.17088	6.06042	6.2087	5.1262	5.5776	4.23402	4.99404	3.37598
693	7.45538	7.99395	5.95387	6.48679	5.40984	5.61914	4.07117	5.26652	3.50456
694	6.99848	8.20305	5.94761	6.65607	5.10557	5.5724	4.36258	5.4452	3.58537
695	7.31033	8.10654	5.63424	6.50493	5.39437	5.80091	4.24688	4.8913	3.4568
696	7.07101	8.28347	5.8536	6.55934	5.054	5.75417	4.40972	5.48987	3.31353
697	7.57867	8.14675	5.94761	6.25707	5.31701	5.93594	4.25545	5.23525	3.48252
698	7.04925	7.78485	6.12309	6.29938	5.34795	5.93074	4.474	5.65514	3.45313
699	7.18704	7.62401	5.72199	6.48075	4.85802	5.45815	4.19974	5.15038	3.35394
700	7.30308	7.71248	5.93507	6.3417	5.04884	5.63472	4.32401	5.28439	3.39802
701	7.13628	8.08242	6.07922	6.3417	4.98695	5.59318	4.44829	5.31566	3.39802
702	7.45538	7.95374	6.16696	6.4747	5.12104	5.70224	4.55543	5.60601	3.59272
703	6.73015	8.16284	5.74705	6.35984	5.15714	5.38545	4.49972	5.40499	3.28414
704	7.5279	7.92157	6.09802	6.12407	4.82192	5.3439	4.40972	5.26652	3.39435
705	6.5851	7.72856	6.00401	6.4082	4.8013	5.44777	4.21259	5.27992	3.39802
706	7.2088	7.84919	5.91627	6.63189	5.17777	5.82688	4.27687	5.40946	3.43109
707	6.81718	7.84115	5.86613	5.92456	5.18808	5.53086	4.22545	5.52114	3.11516
708	7.14353	8.1548	5.87867	6.24497	5.1623	5.51528	4.10974	5.32906	3.17761
709	7.36835	7.91353	5.94761	6.20266	4.9096	5.84246	4.00261	5.18611	3.18863
710	6.49082	7.80094	6.24843	6.17243	4.89928	5.69185	4.10974	5.34246	3.12986
711	7.02024	8.12263	6.08549	6.35984	5.02305	5.3439	4.06689	5.23525	3.32823
712	6.87519	7.76073	5.80346	6.22684	4.73941	5.49451	4.26402	5.42286	3.32455
713	6.70839	7.55163	6.01655	6.24497	4.95085	5.63992	4.07974	5.41393	3.30986
714	7.25957	7.7366	6.09802	6.63189	5.14682	5.61395	4.2983	5.5658	3.29884
715	6.78817	7.72856	5.43369	6.37798	5.00758	5.63992	4.23831	5.19952	3.5119
716	7.44813	7.86528	5.74705	6.35984	4.96632	5.58279	4.14831	5.31119	3.26945
717	6.8897	8.03416	5.8348	6.05757	4.74457	5.1102	4.59828	5.32012	3.3319
718	7.10727	7.82507	6.24217	6.23288	5.07462	5.86842	4.24259	5.19952	3.48619
719	7.07826	7.69639	6.01028	6.45052	5.40984	5.48412	4.27687	5.35586	3.24006
720	6.80267	7.72052	5.76586	6.40216	5.04368	5.266	4.20402	5.50773	3.4568
721	7.07826	7.68031	6.13562	5.91247	4.8735	5.82168	4.19117	5.00297	3.55231
722	7.36835	7.71248	5.69065	6.02129	4.73941	5.47373	3.94261	5.04317	3.2621
723	6.65763	8.13067	6.06042	6.09384	5.1262	5.4218	4.05832	5.15931	3.35394
724	6.85344	7.96983	5.68438	6.28125	4.96632	5.36987	4.23402	5.28885	3.26945
725	6.83168	7.65618	5.80346	6.26311	5.03852	5.58279	4.24259	5.12358	3.30619
726	7.23781	8.23522	5.99774	5.94875	5.13651	5.6555	3.97261	5.33799	3.09679
727	6.46181	7.60793	5.64051	6.37193	5.12104	5.64511	4.22116	5.27992	3.08577
728	6.88245	7.7366	5.85986	6.18452	5.06947	5.64511	4.43544	5.4452	3.18863
729	7.1943	7.99395	6.05415	6.00316	5.06947	5.71262	4.08403	5.53454	2.98659
730	7.02749	7.96983	5.73452	6.04547	5.35311	5.59837	3.87404	5.08784	3.29149
731	7.31759	7.68835	5.78466	6.13011	4.75488	5.39064	4.43115	5.35139	3.11149
732	7.17254	8.50865	5.80346	6.12407	4.85287	5.78014	4.17831	5.22632	3.26945
733	6.79542	7.43904	5.78466	6.13011	5.02305	5.32832	3.91261	5.06551	3.43109
734	7.0565	7.5838	5.5653	6.08779	5.04368	5.23484	4.42258	5.09678	3.15924
735	6.68663	7.47925	5.53397	6.12407	4.7291	5.53086	4.0626	5.45413	3.58905
736	6.22249	8.01808	5.59037	5.77343	5.26028	5.63472	4.33258	5.05657	3.08577
737	6.70839	7.63205	5.74705	5.93666	5.02305	5.53086	3.96404	5.42286	3.46415
738	7.09276	7.5838	5.8912	6.39611	5.00758	5.58798	4.34973	5.30672	3.17026
739	7.15804	7.5838	5.9288	6.25707	5.0179	5.1881	4.46972	5.06551	3.29517
740	7.06376	7.55967	5.82853	5.8762	4.9096	5.45815	4.22545	5.07444	3.39435
741	7.16529	7.29428	5.91627	6.16638	4.88381	5.4218	4.21688	4.9181	3.42374
742	7.02749	7.16561	5.57784	6.48679	5.00242	5.75417	4.20831	4.71709	3.07843
743	6.68663	7.31036	5.68438	5.7432	4.62595	5.60356	4.07974	4.69922	3.08577
744	7.10002	7.23798	5.75332	6.31752	5.19324	5.78533	4.13117	5.11911	3.26578
745	7.03475	7.63205	6.09802	5.97897	4.96632	5.45296	4.31973	5.38713	3.21435
746	6.49807	7.72856	5.70318	6.05757	4.91991	5.24523	4.19545	5.17271	3.18496
747	6.9042	7.20582	6.09802	6.4747	4.85802	5.47373	4.1226	5.17271	3.19965
748	6.62136	7.431	5.85986	6.13616	5.08494	5.46335	3.98118	5.04317	3.33557
749	6.70114	7.75269	5.85986	6.13616	5.14682	5.58279	4.08403	5.49433	3.2621
750	6.96948	7.41491	5.55277	6.06966	5.1262	5.48412	4.33258	5.73108	3.25476
751	6.83893	7.70443	5.68438	6.08779	4.74972	5.13097	4.07546	5.14591	3.04904
752	6.34578	7.71248	6.27977	5.98502	4.88897	5.63472	4.04975	5.12358	3.14455
753	7.11452	7.39883	5.93507	5.93061	5.26544	5.16733	4.20831	4.93597	3.30251
754	7.00574	7.9457	5.82226	5.74925	4.81161	5.29716	4.2983	4.9985	3.18496
755	6.64312	7.68835	5.52143	5.99106	5.30669	5.50489	4.18259	5.11018	3.42007
756	6.86069	7.71248	5.47756	5.81575	4.80645	5.3439	4.22116	5.01637	3.29884
757	6.64312	7.51142	5.69065	5.59811	4.9818	5.33351	4.19974	4.9583	3.18863
758	7.23781	7.85723	5.90374	5.88829	4.7652	5.75417	3.89547	4.76176	3.47517
759	6.7374	7.84115	5.92254	6.13011	4.6569	5.69704	3.92547	4.77516	3.22904
760	6.78091	8.24326	5.5277	6.42634	4.9096	5.59318	4.16117	5.21292	3.22169
761	6.76641	7.7929	5.74705	6.02734	4.74457	5.43738	3.89547	5.00744	3.27312
762	6.62862	7.39079	5.53397	5.6767	5.04884	5.26081	4.21688	5.11018	3.00128
763	7.49889	7.6401	5.67185	5.99106	4.84255	5.41661	4.18259	5.26205	3.33925
764	6.5851	7.90549	5.64678	5.87016	4.94054	5.38545	3.89547	5.5524	3.30251
765	6.83168	7.80094	5.66558	5.86411	4.84771	5.22965	4.07546	5.08338	3.23639
766	6.98398	7.2782	5.38355	5.85202	4.8013	5.48931	4.43972	5.15485	3.25843
767	6.88245	7.59184	5.45876	6.20266	5.00242	5.50489	4.20402	5.06551	3.41272
768	7.36835	7.5275	5.70318	5.71902	5.0901	5.29716	3.87833	4.88683	3.43109
769	7.15804	7.56772	5.62798	6.08175	4.70847	5.39064	4.27259	4.9717	3.14088
770	7.11452	7.31036	5.61544	5.91247	4.99727	5.59318	4.01118	5.04764	3.04904
771	6.44731	7.97787	5.93507	6.0092	4.59501	5.21407	3.92975	5.0119	3.13353
772	6.80992	7.76877	5.74079	6.2752	4.88897	5.31793	4.00689	4.9583	3.29149
773	6.93321	7.61597	5.64051	6.2752	4.96632	5.27639	4.02832	5.06997	3.19598
774	7.00574	7.31036	5.50263	6.11197	4.95601	5.15694	3.98546	5.11911	3.47884
775	6.5706	7.41491	5.57784	5.99106	4.6569	5.39064	3.80548	5.01637	3.23272
776	6.59961	7.87332	5.59037	6.11802	4.97664	5.1154	3.99403	5.13251	2.85067
777	6.84619	8.14675	5.40236	5.99106	4.7291	5.46854	4.09689	4.9851	3.42374
778	6.51258	7.30232	6.09175	6.26916	4.7652	4.89728	4.00261	5.27992	3.12618
779	6.91871	7.26211	5.63424	6.30543	4.69815	5.40103	4.16974	5.02084	3.04169
780	6.95497	7.02889	5.55904	5.97293	4.9457	5.21407	4.0626	5.13251	3.05271
781	6.83893	8.10654	5.65931	5.97293	4.94054	5.04269	3.87404	5.34246	3.04536
782	7.13628	7.40687	5.51517	5.84597	4.67237	5.35429	4.07974	4.78409	3.207
783	6.74465	7.24603	5.8912	5.74925	4.77035	5.32313	4.16117	5.16825	3.12986
784	7.25232	6.94847	5.38355	6.16034	4.91475	5.45815	4.07117	4.81536	3.07843
785	6.79542	7.64814	5.78466	6.06361	5.14682	5.4218	3.89118	4.89576	2.97189
786	7.09276	7.46317	5.22061	5.64647	4.60532	5.14655	3.8569	5.36479	3.14455
787	7.08551	7.63205	5.25194	5.91852	4.74457	5.37506	3.98975	5.12804	3.11516
788	6.84619	6.9163	5.59037	5.86411	5.02821	5.30755	3.65548	5.24865	2.98291
789	6.92596	7.39883	5.62798	6.03943	4.68268	5.1881	4.13117	5.09678	3.1519
790	6.95497	7.32645	5.65305	5.83388	4.76004	5.38545	4.01118	4.9717	3.30619
791	6.96222	7.74464	5.74705	6.01525	4.70847	5.16733	4.10117	4.92257	3.25476
792	7.21605	7.70443	5.37102	6.0092	4.86318	5.46335	4.25116	5.07891	3.09312
793	6.65763	7.66422	5.66558	5.83993	4.91475	5.17771	3.97261	5.18611	3.06006
794	6.48357	7.83311	5.8724	5.66461	4.88381	5.21407	4.25545	5.01637	3.23272
795	7.10727	7.22994	6.06668	5.62229	4.98695	5.47893	3.98118	4.91363	2.90577
796	6.21523	8.50061	5.47756	5.93666	4.78067	5.16213	4.12688	5.00744	3.32823
797	6.80267	7.21386	5.62798	6.00316	5.06431	5.45815	4.1226	4.94937	3.17761
798	6.86069	7.5838	5.53397	6.25707	4.96117	5.19849	4.08831	5.11018	3.35394
799	7.3756	6.84392	5.64051	5.88829	4.70847	5.38025	3.81833	4.71262	3.21067
800	6.70114	6.99672	5.35222	5.71902	4.83224	4.96479	4.1226	5.02084	2.97557
801	6.16447	7.05301	5.35222	5.81575	4.75488	5.07904	4.29402	4.92257	3.12251
802	6.80267	7.46317	5.67811	5.81575	4.70331	5.51528	4.04546	4.60988	3.08945
803	6.96222	7.17365	6.26723	5.66461	4.96632	5.28677	4.21688	4.78856	3.19965
804	6.96222	6.92434	5.49637	5.77343	4.93538	5.19329	3.69834	5.05657	3.20333
805	6.41105	7.2219	5.08273	5.82784	4.69815	5.32832	3.90833	4.91363	2.80658
806	6.62862	7.22994	5.35222	5.92456	4.71362	5.50489	3.8569	4.84663	3.12618
807	6.5706	7.81702	5.60291	6.03943	4.82192	5.09982	3.77119	4.85109	2.93516
808	7.042	7.0128	5.74705	5.80366	4.78067	5.42699	3.76262	4.94937	3.22537
809	6.81718	7.20582	5.50263	5.57393	4.74972	5.07385	4.01118	5.01637	3.10781
810	6.49807	7.99395	5.55277	5.84597	4.61564	4.9544	3.74976	5.19058	3.24741
811	6.9042	7.66422	5.77839	6.00316	4.71362	4.96479	3.94689	4.82429	3.18129
812	6.80267	7.16561	5.79719	6.03338	4.56922	5.05827	4.04546	4.92703	3.07843
813	6.77366	7.77681	5.63424	5.71902	4.61048	5.1881	3.83119	5.00297	2.9021
814	6.66488	7.53555	5.8536	5.96688	4.72394	5.25042	4.05832	4.58308	3.14088
815	6.66488	6.66699	5.65931	6.18452	4.60532	5.0375	3.86119	4.86896	3.04169
816	6.99848	7.56772	5.33968	5.7432	4.57954	5.1102	3.97689	4.81983	3.18863
817	6.86069	7.82507	5.65305	5.92456	4.9096	5.30235	4.08403	4.88683	3.31721
818	7.01299	7.72052	5.52143	5.44697	4.67752	5.0323	3.96404	4.85556	3.027
819	6.98398	7.12539	5.33342	6.05757	4.75488	5.22445	3.80119	4.69475	3.04904
820	6.52708	7.18973	5.42116	5.84597	4.5125	5.43738	3.75405	4.60988	2.75515
821	6.77366	7.18169	5.76586	6.24497	4.4042	5.1881	4.14831	4.8645	3.19598
822	6.13546	7.03693	6.13562	5.73715	4.96117	5.01672	3.98118	4.68135	2.94618
823	6.80992	7.08518	5.5089	5.68879	4.81161	5.29716	4.13545	4.73049	2.92414
824	6.75916	7.431	5.75959	6.03338	5.01274	5.38545	3.87404	4.80643	3.25843
825	6.5851	7.49534	5.61544	5.54975	4.78582	4.84015	3.90404	5.11464	3.20333
826	6.41105	7.22994	5.60918	5.49534	4.70847	4.9544	3.97261	4.74389	3.07108
827	6.52708	7.12539	5.30835	5.93666	4.60532	5.48931	3.94689	4.9985	3.21435
828	6.5851	7.6401	5.8724	5.90038	4.49702	5.266	3.88261	4.89576	3.17394
829	7.20155	7.39079	5.71572	5.48929	4.63627	5.17771	3.93832	4.9717	2.96455
830	6.54884	7.55967	5.81599	5.74925	4.41451	4.89728	3.74119	4.9583	2.98659
831	6.85344	7.15756	5.45249	5.71297	4.86318	5.29197	3.93404	4.73942	2.94251
832	6.42555	7.05301	5.41489	5.6767	4.52797	5.20368	4.0926	4.79749	2.91312
833	6.79542	7.42296	5.26448	5.68275	4.5486	4.84015	3.74976	4.50714	3.027
834	6.37479	7.3747	5.11406	5.96688	4.53828	5.20368	3.93404	4.77962	2.91312
835	7.22331	8.04221	5.29581	5.57393	4.63627	5.06346	4.08831	4.61435	3.05271
836	6.25875	7.07714	5.5465	6.46261	4.37841	4.96998	4.12688	4.64562	3.04536
837	6.42555	7.32645	5.71572	5.73715	4.93538	5.14655	3.74548	4.78856	3.17761
838	6.41105	6.92434	5.43996	5.42279	4.48155	5.07904	4.05832	4.8779	2.92781
839	6.69389	7.22994	6.01028	5.83993	4.77035	5.3439	3.97689	4.62775	2.96455
840	6.7374	7.0691	5.60291	5.93061	4.52797	4.79341	4.1526	4.9047	2.87638
841	6.04118	7.04497	5.55904	5.89434	4.56407	5.26081	3.76262	4.52948	3.00496
842	6.7229	7.42296	5.8536	5.91852	4.693	5.19329	3.80119	4.65902	2.99393
843	6.68663	7.05301	5.32088	5.49534	4.50218	5.01153	3.94689	4.87343	2.93148
844	6.85344	7.05301	5.17674	5.8097	4.60532	5.6555	3.80548	4.81983	3.03802
845	6.66488	7.85723	5.59664	5.53765	4.89412	4.98037	3.9169	4.82429	2.97557
846	6.27325	7.72856	5.37102	5.90643	4.66205	5.00114	3.81405	4.77069	2.93516
847	6.71564	7.10127	5.28328	5.39256	4.46092	5.17771	4.04546	4.77962	2.97924
848	7.0565	7.22994	5.5089	5.93666	4.83224	5.12059	4.07974	4.98957	2.93516
849	6.16447	7.78485	5.5465	5.91247	4.33715	5.17252	3.90833	4.39547	3.04536
850	6.62136	6.90021	5.38355	5.98502	4.56922	4.90247	3.75405	4.58308	3.06006
851	6.49807	7.75269	5.29581	5.53161	4.74972	4.90247	3.74119	4.87343	3.07108
852	6.42555	6.78762	5.15167	5.73111	4.42482	5.01153	3.60834	4.78856	2.89108
853	6.15722	7.36666	5.4901	5.73715	4.51765	5.69185	3.57835	4.80643	2.92414
854	6.57785	7.09323	5.57157	5.88225	4.55375	4.91286	3.92547	4.58755	3.04904
855	6.59235	7.09323	5.46503	5.76134	4.4403	4.99076	3.79262	4.73495	2.82863
856	6.60686	6.94042	5.5465	5.6102	4.60017	5.08943	3.6512	4.40887	3.12986
857	6.46181	7.76877	5.57157	5.66461	4.63111	5.18291	3.62977	4.76622	2.91312
858	6.07019	7.33449	5.32715	5.48929	4.62595	5.08943	3.76262	4.65455	2.87271
859	6.39654	6.98868	5.25821	5.73111	4.66721	4.99076	4.10546	4.65902	2.73679
860	6.68663	7.3747	5.47756	5.44093	4.66205	4.89208	4.05403	5.19505	3.03434
861	6.40379	7.27015	5.5653	5.56788	4.42998	4.93363	3.68977	4.59201	3.07475
862	6.57785	6.95651	5.20807	5.59811	4.63111	4.77264	3.87404	4.70369	2.9572
863	6.98398	6.99672	5.55277	5.54975	4.55891	5.12578	4.1226	4.60988	2.90577
864	6.22249	7.0128	5.38982	5.89434	4.48155	4.99076	3.79262	4.72155	2.87638
865	6.96948	7.40687	5.74705	5.71902	4.50218	5.07385	3.69405	4.92257	2.7625
866	6.46181	7.60793	5.64051	5.55579	4.59501	5.08943	3.75834	4.74389	3.05639
867	6.44731	7.10127	5.30835	5.76738	4.58985	5.09982	3.74548	4.80643	2.92414
868	6.17897	7.50338	5.30835	5.66461	4.49187	4.82976	3.98975	4.61435	3.04904
869	6.70114	7.06106	5.75332	5.28979	4.56407	5.44257	3.77976	4.68135	3.03067
870	6.09194	6.98868	4.98245	5.78552	4.69815	5.24523	4.07117	4.66795	2.86169
871	6.37479	7.20582	5.66558	5.56788	4.60017	4.94921	3.63406	4.69922	2.80658
872	6.4328	7.54359	5.64678	5.7432	4.84771	4.90247	3.66834	4.48034	3.24741
873	6.53434	7.39883	5.70318	5.71297	4.61048	5.21407	3.89118	4.44014	2.96087
874	6.28776	6.90021	5.00125	5.13865	4.20822	5.05308	3.90833	4.70815	2.85434
875	6.45456	7.26211	5.25821	5.4772	4.36294	5.19849	3.68977	4.69475	2.96455
876	6.81718	7.19777	5.15793	5.6102	4.35262	5.10501	3.80976	4.34186	2.97557
877	6.06294	7.32645	5.55277	5.51952	4.51765	4.76744	4.10974	4.87343	2.96822
878	6.04843	7.11735	5.21434	5.95479	4.71362	4.84015	3.69834	4.56521	2.7772
879	6.38204	7.05301	5.17047	5.60415	4.56922	4.94402	4.14831	4.63221	3.12986
880	6.7374	6.71524	5.09526	5.8097	4.56407	5.12578	3.57406	4.79302	3.0821
881	6.78817	7.23798	5.32088	5.53161	4.5847	4.91286	3.77976	4.39993	2.98291
882	7.07101	7.16561	5.2018	5.55579	4.78067	5.20887	3.75405	4.68582	2.78454
883	6.5706	7.31841	5.08273	5.77343	4.46092	5.24523	3.75834	4.63668	2.74046
884	6.1137	7.42296	5.45249	5.51347	4.39388	4.9544	3.73691	4.59648	2.82128
885	6.59235	7.59988	5.25194	5.27165	4.69815	4.93882	3.6512	4.58308	2.69638
886	6.10645	7.13344	5.44623	5.50138	4.66721	4.83496	3.60834	4.35526	2.88006
887	6.47632	6.84392	5.59664	5.6767	4.41967	4.86612	3.89975	4.38653	2.82128
888	6.1137	7.20582	5.75959	5.5437	4.48671	4.7259	3.80976	4.4044	2.94251
889	6.5706	7.02085	5.55904	5.77343	4.35262	4.97518	3.76691	4.49821	2.87638
890	6.05568	7.72052	5.32088	5.19911	4.70847	4.78302	3.96832	4.4178	2.93148
891	6.13546	7.0128	5.64051	5.42279	4.56407	4.89728	3.7112	4.44907	2.96455
892	6.13546	7.31841	5.27074	5.08424	4.70331	5.0375	3.78833	4.4714	2.88373
893	6.86069	7.31036	5.19554	5.31397	4.4403	4.7259	3.64263	4.4312	2.93516
894	6.28776	6.6509	5.28328	5.38652	4.32168	5.27639	3.90833	4.77962	2.89475
895	6.51258	6.90825	5.02632	5.64043	4.60532	5.18291	3.66834	4.50714	2.83597
896	6.30951	7.40687	5.24568	5.42279	4.50218	4.8038	3.75834	4.65902	2.69638
897	6.63587	7.51142	5.48383	5.4772	4.6208	5.12059	3.60406	4.63668	2.76985
898	6.44731	7.32645	5.00125	5.25956	4.53828	4.90766	3.78833	4.22572	2.83597
899	6.57785	7.04497	5.23941	5.55579	4.77035	5.05827	3.70262	4.39547	2.97557
900	6.22249	7.34253	5.19554	5.22329	4.70331	5.21926	3.53978	4.49821	2.8323
901	6.1137	6.94847	5.03886	5.38652	4.42482	4.84534	3.67263	4.40887	3.04536
902	6.76641	7.7366	5.33342	5.66461	4.4042	4.98037	3.74976	4.24359	2.99393
903	6.49807	7.08518	5.15167	5.45906	4.62595	4.71551	3.81405	4.66348	2.94618
904	6.59235	7.12539	5.37729	5.54975	4.70331	4.74148	3.89547	4.458	2.8874
905	5.89613	7.33449	5.36475	5.9427	4.93022	4.62203	4.01546	4.62328	3.07843
906	6.73015	6.93238	5.27074	5.86411	4.65174	5.15175	3.80976	4.48481	3.06373
907	6.42555	6.87609	5.5653	5.18702	4.53312	5.00114	3.62549	4.59648	3.04904
908	6.44731	6.67503	5.05766	5.68275	4.47124	5.04788	3.6812	4.44907	2.72577
909	6.17897	6.56244	5.13913	5.51952	4.31652	5.06866	3.92118	4.69475	2.90577
910	6.64312	7.39079	5.18927	5.4772	4.16181	4.67396	3.5912	4.39993	2.87271
911	6.4328	7.16561	5.26448	5.72506	4.5486	4.77264	3.95547	4.51161	2.91679
912	6.20073	7.42296	4.98872	5.74925	4.62595	4.80899	3.77976	4.33293	3.0123
913	6.57785	7.13344	5.31462	5.36234	4.53828	4.85573	3.51835	4.25699	2.89108
914	6.97673	7.14952	5.23941	5.48929	4.4403	4.98037	3.62977	4.51161	2.72577
915	6.21523	7.25407	4.96992	5.44093	4.80645	4.85054	3.53978	4.55181	2.68168
916	6.7374	7.02889	5.12033	5.99711	4.48155	5.1102	3.77119	4.41333	2.80658
917	6.28776	7.16561	5.33968	5.52556	4.47124	5.04788	3.67691	4.68582	2.86536
918	6.01217	6.86804	5.21434	5.31397	4.37841	5.04269	3.70262	4.75729	2.86169
919	6.17172	6.97259	5.06393	5.70088	4.2959	4.7259	3.77119	4.32846	2.9021
920	6.14996	6.94042	4.87591	5.63438	4.45577	4.93882	3.56978	4.46694	2.93883
921	6.60686	6.90021	5.20807	5.57393	4.60017	4.84015	3.72405	4.34186	2.67066
922	6.06294	7.49534	5.04512	5.23538	4.22885	4.8765	3.50121	4.4178	2.50535
923	6.01217	6.99672	4.93231	5.59811	4.22885	4.80899	3.67263	4.4446	2.94985
924	6.0992	7.02085	5.5465	5.64647	4.34747	4.89208	3.51835	4.06938	2.86169
925	6.32402	7.22994	5.11406	5.79156	4.38357	4.69993	3.57406	4.56074	2.64495
926	6.71564	6.80371	5.27074	5.44697	4.2598	4.25331	3.66834	4.52948	2.84332
927	6.266	7.59184	5.19554	5.18097	4.58985	5.06866	3.46692	4.46247	2.79924
928	6.19348	6.80371	5.25194	5.38047	4.42482	4.89208	3.73262	4.65902	2.85067
929	6.19348	7.29428	5.50263	5.48324	4.14118	4.8038	3.71977	4.21232	2.72209
930	6.65763	7.13344	5.28955	5.42884	4.32168	4.77264	3.63834	4.42674	2.76618
931	5.89613	6.72328	5.07019	5.55579	4.53828	4.7986	3.62977	4.3642	2.92414
932	6.06294	7.12539	5.12033	5.40465	4.4042	4.9544	3.76262	4.3508	2.53842
933	6.21523	7.42296	4.79443	5.44093	4.31652	4.5701	3.73691	4.66348	2.87638
934	6.78817	6.88413	5.57157	5.50743	4.5486	5.20368	3.45835	4.23912	2.55678
935	6.42555	6.64286	4.85084	5.54975	4.37325	4.64281	3.69405	4.44907	2.79924
936	5.98316	6.83587	5.1266	5.08424	4.28558	4.7259	3.45407	4.34633	3.01965
937	6.30226	7.33449	5.04512	4.93915	4.30105	4.69993	3.51835	4.52054	2.92046
938	6.4183	6.69111	4.91351	5.22934	4.06898	4.58568	3.78405	4.41333	2.7625
939	5.99041	7.09323	5.02006	5.38652	4.22885	5.08424	3.71548	4.31953	2.72577
940	6.49082	7.13344	5.18927	5.19911	4.50734	5.00634	3.61692	4.42674	2.64128
941	6.37479	7.04497	5.57784	5.30188	4.45577	4.91286	3.97689	4.49821	2.90944
942	6.29501	7.08518	5.22061	5.4772	4.4042	4.46104	3.50121	4.56968	2.84332
943	5.75834	6.95651	5.19554	4.98752	4.38872	4.77783	3.61263	4.50714	2.71475
944	6.30951	6.90825	5.23941	5.51952	4.36294	4.64281	3.63834	4.49821	2.87271
945	6.24424	7.13344	5.1266	5.35024	4.17728	4.71551	3.77548	4.29273	2.84332
946	6.09194	6.61874	5.26448	5.18702	4.32684	5.09982	3.74119	4.50714	2.77352
947	6.14271	6.49006	5.5653	4.9452	4.42998	4.48181	3.60834	4.12745	2.71842
948	6.70839	7.03693	5.17047	5.2112	3.96584	4.8765	3.34265	4.57414	2.60821
949	6.22974	6.27292	5.05139	5.28374	4.53828	4.94402	3.59549	4.53394	2.82863
950	6.19348	6.71524	4.8007	5.45302	4.27011	5.01153	3.90833	4.30166	2.86536
951	6.30951	7.28624	4.96365	5.26561	4.23401	4.89728	3.50549	4.42227	2.82128
952	6.20798	6.85196	4.98245	5.09029	4.13087	4.71032	3.58692	4.43567	2.7074
953	6.34578	7.06106	5.19554	5.33815	4.63627	4.7986	3.74119	4.24806	2.76985
954	6.37479	6.97259	4.93231	5.42884	4.53828	4.7986	3.53549	4.26146	2.7772
955	6.40379	6.83587	5.13287	5.35629	4.52797	4.91286	3.65977	4.30613	2.80658
956	6.78091	6.7072	5.11406	5.50138	4.30621	4.68954	3.70262	4.34186	2.79189
957	6.07744	6.76349	5.02006	5.36838	4.26495	4.76225	3.54835	4.36867	2.6927
958	6.56335	6.51419	5.33342	5.13865	4.12571	4.68435	3.43693	4.80196	2.61189
959	6.19348	7.18169	5.05766	5.35024	4.50734	4.648	3.78833	4.23912	2.67434
960	6.17897	6.73133	5.07019	5.40465	4.02257	4.42988	3.36836	4.39993	2.82863
961	6.00492	6.71524	5.1266	5.51952	4.5486	4.73628	3.72834	4.46247	2.6523
962	5.91789	7.31841	5.39609	5.08424	4.50218	4.8038	3.79262	4.3106	2.64495
963	6.51258	6.83587	5.40236	5.20515	4.1154	4.73628	3.73262	4.48927	2.42821
964	6.08469	6.77154	5.13287	5.2777	4.27011	4.66358	3.7969	4.39993	2.56413
965	6.06294	6.31313	5.00752	5.33815	4.39388	4.90247	3.57835	4.38653	2.65964
966	6.4183	7.00476	4.91978	5.10843	4.17728	4.77264	3.51835	4.06045	2.65964
967	5.82361	6.97259	5.15167	5.20515	4.20822	4.5701	3.29979	4.20786	2.58985
968	6.15722	6.83587	4.92605	5.39861	4.27011	4.45585	3.5612	4.49821	2.61556
969	5.87438	7.00476	5.01379	5.41674	4.11024	4.42988	3.4155	4.02471	2.87638
970	6.4328	6.80371	5.03886	5.36234	4.63111	4.99076	3.53978	4.53394	2.75515
971	6.31677	7.10127	4.91978	5.64647	4.4042	4.7207	3.60834	4.3642	2.72209
972	6.92596	6.71524	5.06393	5.50138	4.30105	4.93363	3.80548	4.16319	2.73679
973	6.14271	6.59461	4.96992	5.22329	4.4403	5.01153	3.17551	4.37313	2.65964
974	6.1137	6.86804	5.11406	5.41674	4.35778	4.67916	3.18409	4.44014	2.82863
975	5.99766	7.25407	5.03259	5.10238	4.30105	4.53375	3.46692	4.59201	2.80658
976	6.18622	7.14148	5.23314	5.11447	4.50218	4.82457	3.78833	4.391	2.66699
977	6.21523	6.89217	5.1266	4.96333	4.16697	4.33121	3.4155	4.15872	2.55311
978	6.03393	6.73133	4.78817	5.21724	4.14118	4.61684	3.69834	4.07831	2.54576
979	6.1137	6.88413	5.25194	4.97543	4.00194	4.83496	3.4755	4.03811	2.81026
980	6.18622	6.86804	4.61268	5.45906	4.62595	4.96479	3.27837	4.36867	2.72209
981	5.92514	6.85196	4.98872	4.82429	4.1515	4.55971	3.15837	4.3508	2.62291
982	6.04843	6.69111	4.95112	5.55579	4.25464	4.4922	3.33408	3.97111	2.75883
983	5.95415	7.19777	5.37102	5.08424	4.0071	4.35717	3.50549	4.35973	2.6523
984	5.95415	7.25407	5.4901	5.58602	4.28558	4.92324	3.37693	4.45354	2.47597
985	5.68582	6.53027	5.08899	5.43488	4.57438	4.74148	3.60834	4.35526	2.76985
986	6.12095	6.89217	4.47481	5.10843	4.42998	4.68954	3.7112	4.38653	2.7074
987	6.17897	6.66699	5.1642	4.89079	3.9349	5.02192	3.47121	4.29273	2.68536
988	5.91064	6.38551	5.02632	5.19306	4.29074	4.82457	3.70262	4.12745	2.53842
989	6.5706	6.73937	5.1454	5.53161	4.06898	4.79341	3.61692	4.21679	2.70005
990	6.06294	6.29705	5.35849	5.0782	3.9349	4.66358	3.69834	4.58308	2.68903
991	5.8091	6.81175	4.69416	5.13261	4.17728	4.5701	3.54406	4.31506	2.48699
992	5.81636	6.72328	5.2018	4.98147	4.1515	4.32601	3.30836	4.09618	2.55678
993	6.32402	6.86	4.83831	5.18097	3.99162	4.77783	3.24408	4.42674	2.54209
994	6.04843	6.57852	5.07019	5.46511	4.24948	4.86612	3.59549	4.16319	2.62291
995	6.12095	7.07714	5.07646	4.91497	4.14118	4.50259	3.6512	4.52501	2.66332
996	6.4183	5.90298	5.33342	4.93311	4.20822	4.47143	3.65548	4.14532	2.6927
997	6.36753	7.10127	5.15167	4.96333	4.23401	4.77264	3.50978	4.40887	2.56413
998	6.21523	7.40687	4.65656	4.83033	4.52281	4.78822	3.64691	4.24359	2.59719
999	6.08469	6.43376	5.17674	5.35024	4.39388	4.70512	3.08552	4.13638	2.54209
1000	6.20073	6.49006	5.05766	5.35024	4.08961	4.74148	3.4755	4.10512	2.59352
