0.0000000000000000	2.303030000000000e+6
2.000000000000000e+0	1.967592000000000e+6
4.000000000000000e+0	1.656590000000000e+6
6.000000000000000e+0	1.414695000000000e+6
8.000000000000000e+0	1.229345000000000e+6
1.000000000000000e+1	1.080594000000000e+6
1.200000000000000e+1	9.640100000000000e+5
1.400000000000000e+1	8.663490000000000e+5
1.600000000000000e+1	7.868030000000000e+5
1.800000000000000e+1	7.185740000000000e+5
2.000000000000000e+1	6.612030000000000e+5
2.200000000000000e+1	6.118640000000000e+5
2.400000000000000e+1	5.691240000000000e+5
2.600000000000000e+1	5.292470000000000e+5
2.800000000000000e+1	4.973740000000000e+5
3.000000000000000e+1	4.669410000000000e+5
3.200000000000000e+1	4.408660000000000e+5
3.400000000000000e+1	4.154870000000000e+5
3.600000000000000e+1	3.947030000000000e+5
3.800000000000000e+1	3.738670000000000e+5
4.000000000000000e+1	3.565800000000000e+5
4.200000000000000e+1	3.400940000000000e+5
4.400000000000000e+1	3.237890000000000e+5
4.600000000000000e+1	3.103110000000000e+5
4.800000000000000e+1	2.976780000000000e+5
5.000000000000000e+1	2.858330000000000e+5
5.200000000000000e+1	2.741240000000000e+5
5.400000000000000e+1	2.627860000000000e+5
5.600000000000000e+1	2.528740000000000e+5
5.800000000000000e+1	2.440510000000000e+5
6.000000000000000e+1	2.354480000000000e+5
6.200000000000000e+1	2.278890000000000e+5
6.400000000000000e+1	2.195670000000000e+5
6.600000000000000e+1	2.126590000000000e+5
6.800000000000000e+1	2.050190000000000e+5
7.000000000000000e+1	1.989880000000000e+5
7.200000000000000e+1	1.931130000000000e+5
7.400000000000000e+1	1.867740000000000e+5
7.600000000000000e+1	1.818640000000000e+5
7.800000000000000e+1	1.763510000000000e+5
8.000000000000000e+1	1.717250000000000e+5
8.200000000000000e+1	1.671300000000000e+5
8.400000000000000e+1	1.620120000000000e+5
8.600000000000000e+1	1.574390000000000e+5
8.800000000000000e+1	1.543740000000000e+5
9.000000000000000e+1	1.506070000000000e+5
9.200000000000000e+1	1.460360000000000e+5
9.400000000000000e+1	1.423840000000000e+5
9.600000000000000e+1	1.391310000000000e+5
9.800000000000000e+1	1.360160000000000e+5
1.000000000000000e+2	1.327280000000000e+5
1.020000000000000e+2	1.296110000000000e+5
1.040000000000000e+2	1.268570000000000e+5
1.060000000000000e+2	1.234920000000000e+5
1.080000000000000e+2	1.215210000000000e+5
1.100000000000000e+2	1.180760000000000e+5
1.120000000000000e+2	1.159670000000000e+5
1.140000000000000e+2	1.131860000000000e+5
1.160000000000000e+2	1.109650000000000e+5
1.180000000000000e+2	1.091980000000000e+5
1.200000000000000e+2	1.069410000000000e+5
1.220000000000000e+2	1.049420000000000e+5
1.240000000000000e+2	1.030860000000000e+5
1.260000000000000e+2	1.003180000000000e+5
1.280000000000000e+2	9.851600000000000e+4
1.300000000000000e+2	9.677800000000000e+4
1.320000000000000e+2	9.513000000000000e+4
1.340000000000000e+2	9.307000000000000e+4
1.360000000000000e+2	9.072100000000000e+4
1.380000000000000e+2	8.978600000000000e+4
1.400000000000000e+2	8.872200000000000e+4
1.420000000000000e+2	8.724000000000000e+4
1.440000000000000e+2	8.483700000000000e+4
1.460000000000000e+2	8.392700000000000e+4
1.480000000000000e+2	8.257100000000000e+4
1.500000000000000e+2	8.081900000000000e+4
1.520000000000000e+2	7.989000000000000e+4
1.540000000000000e+2	7.869200000000000e+4
1.560000000000000e+2	7.761900000000000e+4
1.580000000000000e+2	7.577000000000000e+4
1.600000000000000e+2	7.494400000000000e+4
1.620000000000000e+2	7.368600000000000e+4
1.640000000000000e+2	7.277500000000000e+4
1.660000000000000e+2	7.175000000000000e+4
1.680000000000000e+2	7.096500000000000e+4
1.700000000000000e+2	6.939100000000000e+4
1.720000000000000e+2	6.857300000000000e+4
1.740000000000000e+2	6.729400000000000e+4
1.760000000000000e+2	6.622900000000000e+4
1.780000000000000e+2	6.487900000000000e+4
1.800000000000000e+2	6.433500000000000e+4
1.820000000000000e+2	6.357200000000000e+4
1.840000000000000e+2	6.255700000000000e+4
1.860000000000000e+2	6.218200000000000e+4
1.880000000000000e+2	6.089300000000000e+4
1.900000000000000e+2	6.050700000000000e+4
1.920000000000000e+2	5.952900000000000e+4
1.940000000000000e+2	5.882800000000000e+4
1.960000000000000e+2	5.756700000000000e+4
1.980000000000000e+2	5.692400000000000e+4
2.000000000000000e+2	5.603500000000000e+4
2.020000000000000e+2	5.551500000000000e+4
2.040000000000000e+2	5.484900000000000e+4
2.060000000000000e+2	5.422700000000000e+4
2.080000000000000e+2	5.372500000000000e+4
2.100000000000000e+2	5.288900000000000e+4
2.120000000000000e+2	5.261100000000000e+4
2.140000000000000e+2	5.171300000000000e+4
2.160000000000000e+2	5.077700000000000e+4
2.180000000000000e+2	5.039700000000000e+4
2.200000000000000e+2	4.969100000000000e+4
2.220000000000000e+2	4.920200000000000e+4
2.240000000000000e+2	4.836100000000000e+4
2.260000000000000e+2	4.807800000000000e+4
2.280000000000000e+2	4.729500000000000e+4
2.300000000000000e+2	4.731200000000000e+4
2.320000000000000e+2	4.641100000000000e+4
2.340000000000000e+2	4.599600000000000e+4
2.360000000000000e+2	4.520200000000000e+4
2.380000000000000e+2	4.509200000000000e+4
2.400000000000000e+2	4.440400000000000e+4
2.420000000000000e+2	4.404200000000000e+4
2.440000000000000e+2	4.353700000000000e+4
2.460000000000000e+2	4.289500000000000e+4
2.480000000000000e+2	4.243000000000000e+4
2.500000000000000e+2	4.186600000000000e+4
2.520000000000000e+2	4.178200000000000e+4
2.540000000000000e+2	4.158200000000000e+4
2.560000000000000e+2	4.072600000000000e+4
2.580000000000000e+2	4.060400000000000e+4
2.600000000000000e+2	4.014600000000000e+4
2.620000000000000e+2	3.916000000000000e+4
2.640000000000000e+2	3.854400000000000e+4
2.660000000000000e+2	3.860100000000000e+4
2.680000000000000e+2	3.844000000000000e+4
2.700000000000000e+2	3.784400000000000e+4
2.720000000000000e+2	3.795600000000000e+4
2.740000000000000e+2	3.715800000000000e+4
2.760000000000000e+2	3.710700000000000e+4
2.780000000000000e+2	3.658100000000000e+4
2.800000000000000e+2	3.625400000000000e+4
2.820000000000000e+2	3.571500000000000e+4
2.840000000000000e+2	3.566400000000000e+4
2.860000000000000e+2	3.485300000000000e+4
2.880000000000000e+2	3.501200000000000e+4
2.900000000000000e+2	3.462000000000000e+4
2.920000000000000e+2	3.423300000000000e+4
2.940000000000000e+2	3.407700000000000e+4
2.960000000000000e+2	3.404100000000000e+4
2.980000000000000e+2	3.357700000000000e+4
3.000000000000000e+2	3.335000000000000e+4
3.020000000000000e+2	3.281100000000000e+4
3.040000000000000e+2	3.261500000000000e+4
3.060000000000000e+2	3.222600000000000e+4
3.080000000000000e+2	3.174700000000000e+4
3.100000000000000e+2	3.156000000000000e+4
3.120000000000000e+2	3.123400000000000e+4
3.140000000000000e+2	3.095000000000000e+4
3.160000000000000e+2	3.069900000000000e+4
3.180000000000000e+2	3.051100000000000e+4
3.200000000000000e+2	2.998400000000000e+4
3.220000000000000e+2	3.028800000000000e+4
3.240000000000000e+2	2.975300000000000e+4
3.260000000000000e+2	2.956400000000000e+4
3.280000000000000e+2	2.919900000000000e+4
3.300000000000000e+2	2.913800000000000e+4
3.320000000000000e+2	2.899800000000000e+4
3.340000000000000e+2	2.854500000000000e+4
3.360000000000000e+2	2.820200000000000e+4
3.380000000000000e+2	2.819000000000000e+4
3.400000000000000e+2	2.788500000000000e+4
3.420000000000000e+2	2.765000000000000e+4
3.440000000000000e+2	2.746300000000000e+4
3.460000000000000e+2	2.706500000000000e+4
3.480000000000000e+2	2.699200000000000e+4
3.500000000000000e+2	2.696400000000000e+4
3.520000000000000e+2	2.692200000000000e+4
3.540000000000000e+2	2.624800000000000e+4
3.560000000000000e+2	2.651000000000000e+4
3.580000000000000e+2	2.629400000000000e+4
3.600000000000000e+2	2.618600000000000e+4
3.620000000000000e+2	2.568400000000000e+4
3.640000000000000e+2	2.538900000000000e+4
3.660000000000000e+2	2.560800000000000e+4
3.680000000000000e+2	2.506600000000000e+4
3.700000000000000e+2	2.498100000000000e+4
3.720000000000000e+2	2.498600000000000e+4
3.740000000000000e+2	2.496000000000000e+4
3.760000000000000e+2	2.459800000000000e+4
3.780000000000000e+2	2.424700000000000e+4
3.800000000000000e+2	2.394600000000000e+4
3.820000000000000e+2	2.388900000000000e+4
3.840000000000000e+2	2.363600000000000e+4
3.860000000000000e+2	2.382000000000000e+4
3.880000000000000e+2	2.348900000000000e+4
3.900000000000000e+2	2.306200000000000e+4
3.920000000000000e+2	2.295000000000000e+4
3.940000000000000e+2	2.309700000000000e+4
3.960000000000000e+2	2.243600000000000e+4
3.980000000000000e+2	2.256400000000000e+4
4.000000000000000e+2	2.238300000000000e+4
4.020000000000000e+2	2.237000000000000e+4
4.040000000000000e+2	2.226300000000000e+4
4.060000000000000e+2	2.193500000000000e+4
4.080000000000000e+2	2.187800000000000e+4
4.100000000000000e+2	2.168400000000000e+4
4.120000000000000e+2	2.158300000000000e+4
4.140000000000000e+2	2.160200000000000e+4
4.160000000000000e+2	2.143500000000000e+4
4.180000000000000e+2	2.097100000000000e+4
4.200000000000000e+2	2.122500000000000e+4
4.220000000000000e+2	2.080300000000000e+4
4.240000000000000e+2	2.075500000000000e+4
4.260000000000000e+2	2.068900000000000e+4
4.280000000000000e+2	2.037900000000000e+4
4.300000000000000e+2	2.052500000000000e+4
4.320000000000000e+2	2.020300000000000e+4
4.340000000000000e+2	2.003700000000000e+4
4.360000000000000e+2	1.982200000000000e+4
4.380000000000000e+2	1.992100000000000e+4
4.400000000000000e+2	1.964500000000000e+4
4.420000000000000e+2	1.937700000000000e+4
4.440000000000000e+2	1.956600000000000e+4
4.460000000000000e+2	1.952800000000000e+4
4.480000000000000e+2	1.931100000000000e+4
4.500000000000000e+2	1.901000000000000e+4
4.520000000000000e+2	1.907400000000000e+4
4.540000000000000e+2	1.901200000000000e+4
4.560000000000000e+2	1.881200000000000e+4
4.580000000000000e+2	1.846400000000000e+4
4.600000000000000e+2	1.839200000000000e+4
4.620000000000000e+2	1.856400000000000e+4
4.640000000000000e+2	1.863700000000000e+4
4.660000000000000e+2	1.824100000000000e+4
4.680000000000000e+2	1.835000000000000e+4
4.700000000000000e+2	1.797500000000000e+4
4.720000000000000e+2	1.784200000000000e+4
4.740000000000000e+2	1.769300000000000e+4
4.760000000000000e+2	1.804800000000000e+4
4.780000000000000e+2	1.768400000000000e+4
4.800000000000000e+2	1.760800000000000e+4
4.820000000000000e+2	1.743700000000000e+4
4.840000000000000e+2	1.744200000000000e+4
4.860000000000000e+2	1.710000000000000e+4
4.880000000000000e+2	1.711400000000000e+4
4.900000000000000e+2	1.686900000000000e+4
4.920000000000000e+2	1.709700000000000e+4
4.940000000000000e+2	1.678500000000000e+4
4.960000000000000e+2	1.707600000000000e+4
4.980000000000000e+2	1.647600000000000e+4
5.000000000000000e+2	1.662500000000000e+4
5.020000000000000e+2	1.659900000000000e+4
5.040000000000000e+2	1.627700000000000e+4
5.060000000000000e+2	1.635100000000000e+4
5.080000000000000e+2	1.645200000000000e+4
5.100000000000000e+2	1.618500000000000e+4
5.120000000000000e+2	1.591600000000000e+4
5.140000000000000e+2	1.584100000000000e+4
5.160000000000000e+2	1.603100000000000e+4
5.180000000000000e+2	1.575800000000000e+4
5.200000000000000e+2	1.562400000000000e+4
5.220000000000000e+2	1.573800000000000e+4
5.240000000000000e+2	1.543900000000000e+4
5.260000000000000e+2	1.535800000000000e+4
5.280000000000000e+2	1.531300000000000e+4
5.300000000000000e+2	1.530200000000000e+4
5.320000000000000e+2	1.529100000000000e+4
5.340000000000000e+2	1.529000000000000e+4
5.360000000000000e+2	1.513600000000000e+4
5.380000000000000e+2	1.495800000000000e+4
5.400000000000000e+2	1.501000000000000e+4
5.420000000000000e+2	1.481700000000000e+4
5.440000000000000e+2	1.477900000000000e+4
5.460000000000000e+2	1.488100000000000e+4
5.480000000000000e+2	1.472700000000000e+4
5.500000000000000e+2	1.450700000000000e+4
5.520000000000000e+2	1.436000000000000e+4
5.540000000000000e+2	1.461600000000000e+4
5.560000000000000e+2	1.421600000000000e+4
5.580000000000000e+2	1.408000000000000e+4
5.600000000000000e+2	1.429900000000000e+4
5.620000000000000e+2	1.397400000000000e+4
5.640000000000000e+2	1.422500000000000e+4
5.660000000000000e+2	1.407500000000000e+4
5.680000000000000e+2	1.400500000000000e+4
5.700000000000000e+2	1.358700000000000e+4
5.720000000000000e+2	1.395400000000000e+4
5.740000000000000e+2	1.400300000000000e+4
5.760000000000000e+2	1.355400000000000e+4
5.780000000000000e+2	1.369100000000000e+4
5.800000000000000e+2	1.358600000000000e+4
5.820000000000000e+2	1.349600000000000e+4
5.840000000000000e+2	1.336000000000000e+4
5.860000000000000e+2	1.343500000000000e+4
5.880000000000000e+2	1.309900000000000e+4
5.900000000000000e+2	1.314900000000000e+4
5.920000000000000e+2	1.325400000000000e+4
5.940000000000000e+2	1.312500000000000e+4
5.960000000000000e+2	1.288900000000000e+4
5.980000000000000e+2	1.303500000000000e+4
6.000000000000000e+2	1.292800000000000e+4
6.020000000000000e+2	1.270400000000000e+4
6.040000000000000e+2	1.291100000000000e+4
6.060000000000000e+2	1.278200000000000e+4
6.080000000000000e+2	1.271600000000000e+4
6.100000000000000e+2	1.279800000000000e+4
6.120000000000000e+2	1.248900000000000e+4
6.140000000000000e+2	1.244900000000000e+4
6.160000000000000e+2	1.231900000000000e+4
6.180000000000000e+2	1.206500000000000e+4
6.200000000000000e+2	1.226900000000000e+4
6.220000000000000e+2	1.240300000000000e+4
6.240000000000000e+2	1.222900000000000e+4
6.260000000000000e+2	1.205300000000000e+4
6.280000000000000e+2	1.235000000000000e+4
6.300000000000000e+2	1.207900000000000e+4
6.320000000000000e+2	1.194300000000000e+4
6.340000000000000e+2	1.203400000000000e+4
6.360000000000000e+2	1.185300000000000e+4
6.380000000000000e+2	1.184800000000000e+4
6.400000000000000e+2	1.172300000000000e+4
6.420000000000000e+2	1.194500000000000e+4
6.440000000000000e+2	1.178200000000000e+4
6.460000000000000e+2	1.170500000000000e+4
6.480000000000000e+2	1.168700000000000e+4
6.500000000000000e+2	1.153500000000000e+4
6.520000000000000e+2	1.146800000000000e+4
6.540000000000000e+2	1.155100000000000e+4
6.560000000000000e+2	1.136100000000000e+4
6.580000000000000e+2	1.139900000000000e+4
6.600000000000000e+2	1.155400000000000e+4
6.620000000000000e+2	1.133200000000000e+4
6.640000000000000e+2	1.121300000000000e+4
6.660000000000000e+2	1.110500000000000e+4
6.680000000000000e+2	1.128000000000000e+4
6.700000000000000e+2	1.113700000000000e+4
6.720000000000000e+2	1.113800000000000e+4
6.740000000000000e+2	1.104300000000000e+4
6.760000000000000e+2	1.078300000000000e+4
6.780000000000000e+2	1.087400000000000e+4
6.800000000000000e+2	1.098200000000000e+4
6.820000000000000e+2	1.084600000000000e+4
6.840000000000000e+2	1.084300000000000e+4
6.860000000000000e+2	1.094500000000000e+4
6.880000000000000e+2	1.061500000000000e+4
6.900000000000000e+2	1.059100000000000e+4
6.920000000000000e+2	1.053800000000000e+4
6.940000000000000e+2	1.072000000000000e+4
6.960000000000000e+2	1.049100000000000e+4
6.980000000000000e+2	1.066300000000000e+4
7.000000000000000e+2	1.043500000000000e+4
7.020000000000000e+2	1.053900000000000e+4
7.040000000000000e+2	1.042300000000000e+4
7.060000000000000e+2	1.030700000000000e+4
7.080000000000000e+2	1.034000000000000e+4
7.100000000000000e+2	1.011200000000000e+4
7.120000000000000e+2	1.029900000000000e+4
7.140000000000000e+2	1.023400000000000e+4
7.160000000000000e+2	1.020200000000000e+4
7.180000000000000e+2	1.019500000000000e+4
7.200000000000000e+2	1.006700000000000e+4
7.220000000000000e+2	9.953000000000000e+3
7.240000000000000e+2	1.019500000000000e+4
7.260000000000000e+2	1.007400000000000e+4
7.280000000000000e+2	9.858000000000000e+3
7.300000000000000e+2	9.877000000000000e+3
7.320000000000000e+2	9.849000000000000e+3
7.340000000000000e+2	9.815000000000000e+3
7.360000000000000e+2	9.738000000000000e+3
7.380000000000000e+2	9.607000000000000e+3
7.400000000000000e+2	9.526000000000000e+3
7.420000000000000e+2	9.725000000000000e+3
7.440000000000000e+2	9.624000000000000e+3
7.460000000000000e+2	9.471000000000000e+3
7.480000000000000e+2	9.468000000000000e+3
7.500000000000000e+2	9.344000000000000e+3
7.520000000000000e+2	9.445000000000000e+3
7.540000000000000e+2	9.551000000000000e+3
7.560000000000000e+2	9.395000000000000e+3
7.580000000000000e+2	9.453000000000000e+3
7.600000000000000e+2	9.367000000000000e+3
7.620000000000000e+2	9.387000000000000e+3
7.640000000000000e+2	9.275000000000000e+3
7.660000000000000e+2	9.281000000000000e+3
7.680000000000000e+2	9.285000000000000e+3
7.700000000000000e+2	9.143000000000000e+3
7.720000000000000e+2	9.029000000000000e+3
7.740000000000000e+2	9.290000000000000e+3
7.760000000000000e+2	9.102000000000000e+3
7.780000000000000e+2	9.170000000000000e+3
7.800000000000000e+2	8.985000000000000e+3
7.820000000000000e+2	8.869000000000000e+3
7.840000000000000e+2	9.017000000000000e+3
7.860000000000000e+2	8.947000000000000e+3
7.880000000000000e+2	8.809000000000000e+3
7.900000000000000e+2	8.929000000000000e+3
7.920000000000000e+2	8.844000000000000e+3
7.940000000000000e+2	8.679000000000000e+3
7.960000000000000e+2	8.779000000000000e+3
7.980000000000000e+2	8.682000000000000e+3
8.000000000000000e+2	8.533000000000000e+3
8.020000000000000e+2	8.778000000000000e+3
8.040000000000000e+2	8.779000000000000e+3
8.060000000000000e+2	8.404000000000000e+3
8.080000000000000e+2	8.575000000000000e+3
8.100000000000000e+2	8.523000000000000e+3
8.120000000000000e+2	8.612000000000000e+3
8.140000000000000e+2	8.567000000000000e+3
8.160000000000000e+2	8.438000000000000e+3
8.180000000000000e+2	8.462000000000000e+3
8.200000000000000e+2	8.367000000000000e+3
8.220000000000000e+2	8.498000000000000e+3
8.240000000000000e+2	8.327000000000000e+3
8.260000000000000e+2	8.264000000000000e+3
8.280000000000000e+2	8.131000000000000e+3
8.300000000000000e+2	8.369000000000000e+3
8.320000000000000e+2	8.340000000000000e+3
8.340000000000000e+2	8.242000000000000e+3
8.360000000000000e+2	8.107000000000000e+3
8.380000000000000e+2	8.072000000000000e+3
8.400000000000000e+2	8.261000000000000e+3
8.420000000000000e+2	8.009000000000000e+3
8.440000000000000e+2	8.218000000000000e+3
8.460000000000000e+2	8.149000000000000e+3
8.480000000000000e+2	8.247000000000000e+3
8.500000000000000e+2	7.933000000000000e+3
8.520000000000000e+2	7.982000000000000e+3
8.540000000000000e+2	8.021000000000000e+3
8.560000000000000e+2	7.942000000000000e+3
8.580000000000000e+2	7.993000000000000e+3
8.600000000000000e+2	7.859000000000000e+3
8.620000000000000e+2	7.938000000000000e+3
8.640000000000000e+2	7.787000000000000e+3
8.660000000000000e+2	7.934000000000000e+3
8.680000000000000e+2	7.825000000000000e+3
8.700000000000000e+2	7.666000000000000e+3
8.720000000000000e+2	7.627000000000000e+3
8.740000000000000e+2	7.776000000000000e+3
8.760000000000000e+2	7.694000000000000e+3
8.780000000000000e+2	7.628000000000000e+3
8.800000000000000e+2	7.842000000000000e+3
8.820000000000000e+2	7.739000000000000e+3
8.840000000000000e+2	7.651000000000000e+3
8.860000000000000e+2	7.676000000000000e+3
8.880000000000000e+2	7.646000000000000e+3
8.900000000000000e+2	7.447000000000000e+3
8.920000000000000e+2	7.624000000000000e+3
8.940000000000000e+2	7.540000000000000e+3
8.960000000000000e+2	7.397000000000000e+3
8.980000000000000e+2	7.389000000000000e+3
9.000000000000000e+2	7.421000000000000e+3
9.020000000000000e+2	7.503000000000000e+3
9.040000000000000e+2	7.470000000000000e+3
9.060000000000000e+2	7.298000000000000e+3
9.080000000000000e+2	7.285000000000000e+3
9.100000000000000e+2	7.378000000000000e+3
9.120000000000000e+2	7.307000000000000e+3
9.140000000000000e+2	7.187000000000000e+3
9.160000000000000e+2	7.291000000000000e+3
9.180000000000000e+2	7.205000000000000e+3
9.200000000000000e+2	7.089000000000000e+3
9.220000000000000e+2	7.098000000000000e+3
9.240000000000000e+2	7.220000000000000e+3
9.260000000000000e+2	7.105000000000000e+3
9.280000000000000e+2	7.198000000000000e+3
9.300000000000000e+2	7.210000000000000e+3
9.320000000000000e+2	7.062000000000000e+3
9.340000000000000e+2	7.173000000000000e+3
9.360000000000000e+2	6.974000000000000e+3
9.380000000000000e+2	7.041000000000000e+3
9.400000000000000e+2	6.928000000000000e+3
9.420000000000000e+2	6.850000000000000e+3
9.440000000000000e+2	6.983000000000000e+3
9.460000000000000e+2	6.889000000000000e+3
9.480000000000000e+2	7.031000000000000e+3
9.500000000000000e+2	6.894000000000000e+3
9.520000000000000e+2	6.975000000000000e+3
9.540000000000000e+2	6.923000000000000e+3
9.560000000000000e+2	6.794000000000000e+3
9.580000000000000e+2	6.860000000000000e+3
9.600000000000000e+2	6.789000000000000e+3
9.620000000000000e+2	6.730000000000000e+3
9.640000000000000e+2	6.691000000000000e+3
9.660000000000000e+2	6.691000000000000e+3
9.680000000000000e+2	6.534000000000000e+3
9.700000000000000e+2	6.850000000000000e+3
9.720000000000000e+2	6.716000000000000e+3
9.740000000000000e+2	6.837000000000000e+3
9.760000000000000e+2	6.835000000000000e+3
9.780000000000000e+2	6.744000000000000e+3
9.800000000000000e+2	6.667000000000000e+3
9.820000000000000e+2	6.548000000000000e+3
9.840000000000000e+2	6.752000000000000e+3
9.860000000000000e+2	6.407000000000000e+3
9.880000000000000e+2	6.547000000000000e+3
9.900000000000000e+2	6.567000000000000e+3
9.920000000000000e+2	6.449000000000000e+3
9.940000000000000e+2	6.411000000000000e+3
9.960000000000000e+2	6.400000000000000e+3
9.980000000000000e+2	6.551000000000000e+3
